Statistical Analysis Report for Parameter: k
==================================================

FRIEDMAN TEST RESULTS
--------------------
Metric               Statistic       P-Value         Significant    
-----------------------------------------------------------------
E                    104.5361        0.0000          True           
ARI                  60.8306         0.0000          True           
F1 Score             85.7368         0.0000          True           
DBI                  26.1596         0.0962          True           
silhouette_score     27.1529         0.0762          True           
calinski_harabasz_score 72.3128         0.0000          True           
Time                 159.6982        0.0000          True           


POST-HOC TEST RESULTS
==============================

Metric: E
--------------------
Pivot Table of P-Values:
          2         3         4    5    6    7    8    9    10   11   12   13        14        15        16        17        18        19        20
2   1.000000  1.000000  1.000000  1.0  1.0  1.0  1.0  1.0  1.0  1.0  1.0  1.0  0.999999  0.999992  0.999982  0.999963  0.999963  0.999923  0.999770
3   1.000000  1.000000  1.000000  1.0  1.0  1.0  1.0  1.0  1.0  1.0  1.0  1.0  1.000000  0.999998  0.999995  0.999989  0.999989  0.999974  0.999914
4   1.000000  1.000000  1.000000  1.0  1.0  1.0  1.0  1.0  1.0  1.0  1.0  1.0  1.000000  1.000000  1.000000  1.000000  1.000000  0.999999  0.999996
5   1.000000  1.000000  1.000000  1.0  1.0  1.0  1.0  1.0  1.0  1.0  1.0  1.0  1.000000  1.000000  1.000000  1.000000  1.000000  1.000000  1.000000
6   1.000000  1.000000  1.000000  1.0  1.0  1.0  1.0  1.0  1.0  1.0  1.0  1.0  1.000000  1.000000  1.000000  1.000000  1.000000  1.000000  1.000000
7   1.000000  1.000000  1.000000  1.0  1.0  1.0  1.0  1.0  1.0  1.0  1.0  1.0  1.000000  1.000000  1.000000  1.000000  1.000000  1.000000  1.000000
8   1.000000  1.000000  1.000000  1.0  1.0  1.0  1.0  1.0  1.0  1.0  1.0  1.0  1.000000  1.000000  1.000000  1.000000  1.000000  1.000000  1.000000
9   1.000000  1.000000  1.000000  1.0  1.0  1.0  1.0  1.0  1.0  1.0  1.0  1.0  1.000000  1.000000  1.000000  1.000000  1.000000  1.000000  1.000000
10  1.000000  1.000000  1.000000  1.0  1.0  1.0  1.0  1.0  1.0  1.0  1.0  1.0  1.000000  1.000000  1.000000  1.000000  1.000000  1.000000  1.000000
11  1.000000  1.000000  1.000000  1.0  1.0  1.0  1.0  1.0  1.0  1.0  1.0  1.0  1.000000  1.000000  1.000000  1.000000  1.000000  1.000000  1.000000
12  1.000000  1.000000  1.000000  1.0  1.0  1.0  1.0  1.0  1.0  1.0  1.0  1.0  1.000000  1.000000  1.000000  1.000000  1.000000  1.000000  1.000000
13  1.000000  1.000000  1.000000  1.0  1.0  1.0  1.0  1.0  1.0  1.0  1.0  1.0  1.000000  1.000000  1.000000  1.000000  1.000000  1.000000  1.000000
14  0.999999  1.000000  1.000000  1.0  1.0  1.0  1.0  1.0  1.0  1.0  1.0  1.0  1.000000  1.000000  1.000000  1.000000  1.000000  1.000000  1.000000
15  0.999992  0.999998  1.000000  1.0  1.0  1.0  1.0  1.0  1.0  1.0  1.0  1.0  1.000000  1.000000  1.000000  1.000000  1.000000  1.000000  1.000000
16  0.999982  0.999995  1.000000  1.0  1.0  1.0  1.0  1.0  1.0  1.0  1.0  1.0  1.000000  1.000000  1.000000  1.000000  1.000000  1.000000  1.000000
17  0.999963  0.999989  1.000000  1.0  1.0  1.0  1.0  1.0  1.0  1.0  1.0  1.0  1.000000  1.000000  1.000000  1.000000  1.000000  1.000000  1.000000
18  0.999963  0.999989  1.000000  1.0  1.0  1.0  1.0  1.0  1.0  1.0  1.0  1.0  1.000000  1.000000  1.000000  1.000000  1.000000  1.000000  1.000000
19  0.999923  0.999974  0.999999  1.0  1.0  1.0  1.0  1.0  1.0  1.0  1.0  1.0  1.000000  1.000000  1.000000  1.000000  1.000000  1.000000  1.000000
20  0.999770  0.999914  0.999996  1.0  1.0  1.0  1.0  1.0  1.0  1.0  1.0  1.0  1.000000  1.000000  1.000000  1.000000  1.000000  1.000000  1.000000

Metric Averages:
 k      Average  Standard Deviation
 2 1.141809e+06        1.457980e+06
 3 9.055712e+05        1.145156e+06
 4 7.545491e+05        9.414428e+05
 5 6.208522e+05        7.605460e+05
 6 5.672432e+05        6.926639e+05
 7 5.076357e+05        6.102928e+05
 8 4.813908e+05        5.763855e+05
 9 4.599016e+05        5.475898e+05
10 4.356478e+05        5.214027e+05
11 4.109272e+05        4.850233e+05
12 3.992660e+05        4.729312e+05
13 3.909726e+05        4.598065e+05
14 3.661422e+05        4.256268e+05
15 3.510813e+05        4.127228e+05
16 3.325428e+05        3.883931e+05
17 3.282039e+05        3.848574e+05
18 3.151443e+05        3.594937e+05
19 3.099001e+05        3.532273e+05
20 3.058386e+05        3.516849e+05


Metric: ARI
--------------------
Pivot Table of P-Values:
          2         3         4         5         6         7         8         9         10        11        12        13        14        15        16        17        18        19        20
2   1.000000  1.000000  0.875061  0.832110  0.999631  0.999925  0.999923  0.999703  0.993537  1.000000  1.000000  1.000000  1.000000  1.000000  1.000000  1.000000  1.000000  1.000000  1.000000
3   1.000000  1.000000  0.999688  0.999282  1.000000  1.000000  1.000000  1.000000  1.000000  1.000000  1.000000  1.000000  1.000000  1.000000  1.000000  1.000000  0.999975  1.000000  1.000000
4   0.875061  0.999688  1.000000  1.000000  1.000000  0.999996  0.999996  0.999999  1.000000  0.998160  0.999440  0.987938  0.999404  0.989140  0.953382  0.967897  0.720092  0.882410  0.922632
5   0.832110  0.999282  1.000000  1.000000  0.999998  0.999986  0.999987  0.999998  1.000000  0.996367  0.998775  0.979774  0.998703  0.981620  0.930917  0.950733  0.656200  0.840984  0.890843
6   0.999631  1.000000  1.000000  0.999998  1.000000  1.000000  1.000000  1.000000  1.000000  1.000000  1.000000  0.999999  1.000000  0.999999  0.999974  0.999990  0.996367  0.999688  0.999900
7   0.999925  1.000000  0.999996  0.999986  1.000000  1.000000  1.000000  1.000000  1.000000  1.000000  1.000000  1.000000  1.000000  1.000000  0.999997  0.999999  0.998909  0.999938  0.999984
8   0.999923  1.000000  0.999996  0.999987  1.000000  1.000000  1.000000  1.000000  1.000000  1.000000  1.000000  1.000000  1.000000  1.000000  0.999997  0.999999  0.998893  0.999937  0.999983
9   0.999703  1.000000  0.999999  0.999998  1.000000  1.000000  1.000000  1.000000  1.000000  1.000000  1.000000  1.000000  1.000000  1.000000  0.999980  0.999993  0.996918  0.999750  0.999922
10  0.993537  1.000000  1.000000  1.000000  1.000000  1.000000  1.000000  1.000000  1.000000  0.999997  1.000000  0.999915  1.000000  0.999930  0.998986  0.999491  0.968174  0.994245  0.997395
11  1.000000  1.000000  0.998160  0.996367  1.000000  1.000000  1.000000  1.000000  0.999997  1.000000  1.000000  1.000000  1.000000  1.000000  1.000000  1.000000  0.999998  1.000000  1.000000
12  1.000000  1.000000  0.999440  0.998775  1.000000  1.000000  1.000000  1.000000  1.000000  1.000000  1.000000  1.000000  1.000000  1.000000  1.000000  1.000000  0.999989  1.000000  1.000000
13  1.000000  1.000000  0.987938  0.979774  0.999999  1.000000  1.000000  1.000000  0.999915  1.000000  1.000000  1.000000  1.000000  1.000000  1.000000  1.000000  1.000000  1.000000  1.000000
14  1.000000  1.000000  0.999404  0.998703  1.000000  1.000000  1.000000  1.000000  1.000000  1.000000  1.000000  1.000000  1.000000  1.000000  1.000000  1.000000  0.999990  1.000000  1.000000
15  1.000000  1.000000  0.989140  0.981620  0.999999  1.000000  1.000000  1.000000  0.999930  1.000000  1.000000  1.000000  1.000000  1.000000  1.000000  1.000000  1.000000  1.000000  1.000000
16  1.000000  1.000000  0.953382  0.930917  0.999974  0.999997  0.999997  0.999980  0.998986  1.000000  1.000000  1.000000  1.000000  1.000000  1.000000  1.000000  1.000000  1.000000  1.000000
17  1.000000  1.000000  0.967897  0.950733  0.999990  0.999999  0.999999  0.999993  0.999491  1.000000  1.000000  1.000000  1.000000  1.000000  1.000000  1.000000  1.000000  1.000000  1.000000
18  1.000000  0.999975  0.720092  0.656200  0.996367  0.998909  0.998893  0.996918  0.968174  0.999998  0.999989  1.000000  0.999990  1.000000  1.000000  1.000000  1.000000  1.000000  1.000000
19  1.000000  1.000000  0.882410  0.840984  0.999688  0.999938  0.999937  0.999750  0.994245  1.000000  1.000000  1.000000  1.000000  1.000000  1.000000  1.000000  1.000000  1.000000  1.000000
20  1.000000  1.000000  0.922632  0.890843  0.999900  0.999984  0.999983  0.999922  0.997395  1.000000  1.000000  1.000000  1.000000  1.000000  1.000000  1.000000  1.000000  1.000000  1.000000

Metric Averages:
 k  Average  Standard Deviation
 2 0.150659            0.120387
 3 0.200377            0.075664
 4 0.250977            0.060111
 5 0.260394            0.063138
 6 0.213417            0.035553
 7 0.209656            0.030182
 8 0.205238            0.048639
 9 0.211007            0.040912
10 0.223994            0.025900
11 0.188393            0.041198
12 0.191621            0.050133
13 0.181175            0.048290
14 0.196287            0.029594
15 0.182019            0.045808
16 0.171865            0.041935
17 0.172357            0.048343
18 0.155857            0.039818
19 0.166997            0.041888
20 0.170872            0.043723


Metric: F1 Score
--------------------
Pivot Table of P-Values:
          2         3         4         5         6         7         8         9         10        11        12        13        14        15        16        17        18        19        20
2   1.000000  1.000000  0.999968  0.999923  0.988191  0.990759  0.992079  0.953397  0.564279  0.732980  0.581691  0.754490  0.703451  0.177781  0.102791  0.108588  0.156094  0.182006  0.106241
3   1.000000  1.000000  1.000000  1.000000  0.999910  0.999943  0.999957  0.998909  0.915418  0.969804  0.922655  0.974506  0.962603  0.583026  0.439411  0.452664  0.546788  0.589691  0.447353
4   0.999968  1.000000  1.000000  1.000000  1.000000  1.000000  1.000000  1.000000  0.998306  0.999786  0.998588  0.999847  0.999672  0.946771  0.888110  0.894932  0.934828  0.948789  0.892238
5   0.999923  1.000000  1.000000  1.000000  1.000000  1.000000  1.000000  1.000000  0.999100  0.999903  0.999260  0.999933  0.999847  0.962603  0.915991  0.921571  0.953397  0.964140  0.919372
6   0.988191  0.999910  1.000000  1.000000  1.000000  1.000000  1.000000  1.000000  0.999999  1.000000  1.000000  1.000000  1.000000  0.999356  0.997073  0.997430  0.999030  0.999404  0.997292
7   0.990759  0.999943  1.000000  1.000000  1.000000  1.000000  1.000000  1.000000  0.999999  1.000000  0.999999  1.000000  1.000000  0.999086  0.996087  0.996546  0.998647  0.999152  0.996368
8   0.992079  0.999957  1.000000  1.000000  1.000000  1.000000  1.000000  1.000000  0.999998  1.000000  0.999999  1.000000  1.000000  0.998877  0.995356  0.995889  0.998353  0.998956  0.995682
9   0.953397  0.998909  1.000000  1.000000  1.000000  1.000000  1.000000  1.000000  1.000000  1.000000  1.000000  1.000000  1.000000  0.999955  0.999677  0.999727  0.999923  0.999959  0.999708
10  0.564279  0.915418  0.998306  0.999100  0.999999  0.999999  0.999998  1.000000  1.000000  1.000000  1.000000  1.000000  1.000000  1.000000  1.000000  1.000000  1.000000  1.000000  1.000000
11  0.732980  0.969804  0.999786  0.999903  1.000000  1.000000  1.000000  1.000000  1.000000  1.000000  1.000000  1.000000  1.000000  1.000000  0.999999  1.000000  1.000000  1.000000  1.000000
12  0.581691  0.922655  0.998588  0.999260  1.000000  0.999999  0.999999  1.000000  1.000000  1.000000  1.000000  1.000000  1.000000  1.000000  1.000000  1.000000  1.000000  1.000000  1.000000
13  0.754490  0.974506  0.999847  0.999933  1.000000  1.000000  1.000000  1.000000  1.000000  1.000000  1.000000  1.000000  1.000000  1.000000  0.999999  0.999999  1.000000  1.000000  0.999999
14  0.703451  0.962603  0.999672  0.999847  1.000000  1.000000  1.000000  1.000000  1.000000  1.000000  1.000000  1.000000  1.000000  1.000000  1.000000  1.000000  1.000000  1.000000  1.000000
15  0.177781  0.583026  0.946771  0.962603  0.999356  0.999086  0.998877  0.999955  1.000000  1.000000  1.000000  1.000000  1.000000  1.000000  1.000000  1.000000  1.000000  1.000000  1.000000
16  0.102791  0.439411  0.888110  0.915991  0.997073  0.996087  0.995356  0.999677  1.000000  0.999999  1.000000  0.999999  1.000000  1.000000  1.000000  1.000000  1.000000  1.000000  1.000000
17  0.108588  0.452664  0.894932  0.921571  0.997430  0.996546  0.995889  0.999727  1.000000  1.000000  1.000000  0.999999  1.000000  1.000000  1.000000  1.000000  1.000000  1.000000  1.000000
18  0.156094  0.546788  0.934828  0.953397  0.999030  0.998647  0.998353  0.999923  1.000000  1.000000  1.000000  1.000000  1.000000  1.000000  1.000000  1.000000  1.000000  1.000000  1.000000
19  0.182006  0.589691  0.948789  0.964140  0.999404  0.999152  0.998956  0.999959  1.000000  1.000000  1.000000  1.000000  1.000000  1.000000  1.000000  1.000000  1.000000  1.000000  1.000000
20  0.106241  0.447353  0.892238  0.919372  0.997292  0.996368  0.995682  0.999708  1.000000  1.000000  1.000000  0.999999  1.000000  1.000000  1.000000  1.000000  1.000000  1.000000  1.000000

Metric Averages:
 k  Average  Standard Deviation
 2 0.559664            0.188191
 3 0.298399            0.110429
 4 0.215591            0.104919
 5 0.189327            0.066496
 6 0.155745            0.053947
 7 0.150548            0.047111
 8 0.147587            0.044021
 9 0.136798            0.052827
10 0.104980            0.057027
11 0.111019            0.041897
12 0.107865            0.061621
13 0.117673            0.058977
14 0.116298            0.070638
15 0.084185            0.055829
16 0.078268            0.059517
17 0.078302            0.060732
18 0.084575            0.063497
19 0.092109            0.076148
20 0.081797            0.068010


Metric: DBI
--------------------
Pivot Table of P-Values:
          2         3    4         5         6    7    8         9    10   11   12   13   14   15        16        17   18        19   20
2   1.000000  0.999998  1.0  1.000000  1.000000  1.0  1.0  1.000000  1.0  1.0  1.0  1.0  1.0  1.0  1.000000  1.000000  1.0  1.000000  1.0
3   0.999998  1.000000  1.0  0.999999  0.999984  1.0  1.0  1.000000  1.0  1.0  1.0  1.0  1.0  1.0  0.999997  0.999996  1.0  0.999997  1.0
4   1.000000  1.000000  1.0  1.000000  1.000000  1.0  1.0  1.000000  1.0  1.0  1.0  1.0  1.0  1.0  1.000000  1.000000  1.0  1.000000  1.0
5   1.000000  0.999999  1.0  1.000000  1.000000  1.0  1.0  1.000000  1.0  1.0  1.0  1.0  1.0  1.0  1.000000  1.000000  1.0  1.000000  1.0
6   1.000000  0.999984  1.0  1.000000  1.000000  1.0  1.0  0.999999  1.0  1.0  1.0  1.0  1.0  1.0  1.000000  1.000000  1.0  1.000000  1.0
7   1.000000  1.000000  1.0  1.000000  1.000000  1.0  1.0  1.000000  1.0  1.0  1.0  1.0  1.0  1.0  1.000000  1.000000  1.0  1.000000  1.0
8   1.000000  1.000000  1.0  1.000000  1.000000  1.0  1.0  1.000000  1.0  1.0  1.0  1.0  1.0  1.0  1.000000  1.000000  1.0  1.000000  1.0
9   1.000000  1.000000  1.0  1.000000  0.999999  1.0  1.0  1.000000  1.0  1.0  1.0  1.0  1.0  1.0  1.000000  1.000000  1.0  1.000000  1.0
10  1.000000  1.000000  1.0  1.000000  1.000000  1.0  1.0  1.000000  1.0  1.0  1.0  1.0  1.0  1.0  1.000000  1.000000  1.0  1.000000  1.0
11  1.000000  1.000000  1.0  1.000000  1.000000  1.0  1.0  1.000000  1.0  1.0  1.0  1.0  1.0  1.0  1.000000  1.000000  1.0  1.000000  1.0
12  1.000000  1.000000  1.0  1.000000  1.000000  1.0  1.0  1.000000  1.0  1.0  1.0  1.0  1.0  1.0  1.000000  1.000000  1.0  1.000000  1.0
13  1.000000  1.000000  1.0  1.000000  1.000000  1.0  1.0  1.000000  1.0  1.0  1.0  1.0  1.0  1.0  1.000000  1.000000  1.0  1.000000  1.0
14  1.000000  1.000000  1.0  1.000000  1.000000  1.0  1.0  1.000000  1.0  1.0  1.0  1.0  1.0  1.0  1.000000  1.000000  1.0  1.000000  1.0
15  1.000000  1.000000  1.0  1.000000  1.000000  1.0  1.0  1.000000  1.0  1.0  1.0  1.0  1.0  1.0  1.000000  1.000000  1.0  1.000000  1.0
16  1.000000  0.999997  1.0  1.000000  1.000000  1.0  1.0  1.000000  1.0  1.0  1.0  1.0  1.0  1.0  1.000000  1.000000  1.0  1.000000  1.0
17  1.000000  0.999996  1.0  1.000000  1.000000  1.0  1.0  1.000000  1.0  1.0  1.0  1.0  1.0  1.0  1.000000  1.000000  1.0  1.000000  1.0
18  1.000000  1.000000  1.0  1.000000  1.000000  1.0  1.0  1.000000  1.0  1.0  1.0  1.0  1.0  1.0  1.000000  1.000000  1.0  1.000000  1.0
19  1.000000  0.999997  1.0  1.000000  1.000000  1.0  1.0  1.000000  1.0  1.0  1.0  1.0  1.0  1.0  1.000000  1.000000  1.0  1.000000  1.0
20  1.000000  1.000000  1.0  1.000000  1.000000  1.0  1.0  1.000000  1.0  1.0  1.0  1.0  1.0  1.0  1.000000  1.000000  1.0  1.000000  1.0

Metric Averages:
 k  Average  Standard Deviation
 2 1.741632            0.553958
 3 1.930472            0.268561
 4 1.852969            0.302996
 5 1.814678            0.374336
 6 1.759819            0.318755
 7 1.815818            0.337859
 8 1.816349            0.313245
 9 1.886157            0.229306
10 1.809864            0.206891
11 1.901999            0.416877
12 1.841648            0.300917
13 1.833165            0.284305
14 1.795750            0.294947
15 1.806734            0.325239
16 1.764518            0.330952
17 1.764393            0.333461
18 1.849437            0.374505
19 1.768945            0.316889
20 1.825965            0.406822


Metric: silhouette_score
--------------------
Pivot Table of P-Values:
     2         3         4         5         6         7         8    9         10   11        12        13   14        15        16        17        18   19   20
2   1.0  1.000000  1.000000  1.000000  1.000000  1.000000  1.000000  1.0  1.000000  1.0  1.000000  1.000000  1.0  1.000000  1.000000  1.000000  1.000000  1.0  1.0
3   1.0  1.000000  1.000000  1.000000  0.999995  0.999972  1.000000  1.0  1.000000  1.0  1.000000  1.000000  1.0  1.000000  1.000000  1.000000  1.000000  1.0  1.0
4   1.0  1.000000  1.000000  1.000000  0.999954  0.999797  0.999994  1.0  0.999993  1.0  1.000000  1.000000  1.0  1.000000  1.000000  1.000000  1.000000  1.0  1.0
5   1.0  1.000000  1.000000  1.000000  1.000000  0.999999  1.000000  1.0  1.000000  1.0  1.000000  1.000000  1.0  1.000000  1.000000  1.000000  1.000000  1.0  1.0
6   1.0  0.999995  0.999954  1.000000  1.000000  1.000000  1.000000  1.0  1.000000  1.0  1.000000  0.999992  1.0  1.000000  1.000000  1.000000  0.999998  1.0  1.0
7   1.0  0.999972  0.999797  0.999999  1.000000  1.000000  1.000000  1.0  1.000000  1.0  0.999999  0.999957  1.0  0.999998  0.999999  0.999999  0.999986  1.0  1.0
8   1.0  1.000000  0.999994  1.000000  1.000000  1.000000  1.000000  1.0  1.000000  1.0  1.000000  0.999999  1.0  1.000000  1.000000  1.000000  1.000000  1.0  1.0
9   1.0  1.000000  1.000000  1.000000  1.000000  1.000000  1.000000  1.0  1.000000  1.0  1.000000  1.000000  1.0  1.000000  1.000000  1.000000  1.000000  1.0  1.0
10  1.0  1.000000  0.999993  1.000000  1.000000  1.000000  1.000000  1.0  1.000000  1.0  1.000000  0.999999  1.0  1.000000  1.000000  1.000000  1.000000  1.0  1.0
11  1.0  1.000000  1.000000  1.000000  1.000000  1.000000  1.000000  1.0  1.000000  1.0  1.000000  1.000000  1.0  1.000000  1.000000  1.000000  1.000000  1.0  1.0
12  1.0  1.000000  1.000000  1.000000  1.000000  0.999999  1.000000  1.0  1.000000  1.0  1.000000  1.000000  1.0  1.000000  1.000000  1.000000  1.000000  1.0  1.0
13  1.0  1.000000  1.000000  1.000000  0.999992  0.999957  0.999999  1.0  0.999999  1.0  1.000000  1.000000  1.0  1.000000  1.000000  1.000000  1.000000  1.0  1.0
14  1.0  1.000000  1.000000  1.000000  1.000000  1.000000  1.000000  1.0  1.000000  1.0  1.000000  1.000000  1.0  1.000000  1.000000  1.000000  1.000000  1.0  1.0
15  1.0  1.000000  1.000000  1.000000  1.000000  0.999998  1.000000  1.0  1.000000  1.0  1.000000  1.000000  1.0  1.000000  1.000000  1.000000  1.000000  1.0  1.0
16  1.0  1.000000  1.000000  1.000000  1.000000  0.999999  1.000000  1.0  1.000000  1.0  1.000000  1.000000  1.0  1.000000  1.000000  1.000000  1.000000  1.0  1.0
17  1.0  1.000000  1.000000  1.000000  1.000000  0.999999  1.000000  1.0  1.000000  1.0  1.000000  1.000000  1.0  1.000000  1.000000  1.000000  1.000000  1.0  1.0
18  1.0  1.000000  1.000000  1.000000  0.999998  0.999986  1.000000  1.0  1.000000  1.0  1.000000  1.000000  1.0  1.000000  1.000000  1.000000  1.000000  1.0  1.0
19  1.0  1.000000  1.000000  1.000000  1.000000  1.000000  1.000000  1.0  1.000000  1.0  1.000000  1.000000  1.0  1.000000  1.000000  1.000000  1.000000  1.0  1.0
20  1.0  1.000000  1.000000  1.000000  1.000000  1.000000  1.000000  1.0  1.000000  1.0  1.000000  1.000000  1.0  1.000000  1.000000  1.000000  1.000000  1.0  1.0

Metric Averages:
 k  Average  Standard Deviation
 2 0.221749            0.061100
 3 0.222771            0.035509
 4 0.216318            0.039003
 5 0.212805            0.070373
 6 0.231017            0.052891
 7 0.233893            0.052768
 8 0.226930            0.057821
 9 0.227642            0.046607
10 0.239700            0.033891
11 0.224148            0.056845
12 0.222484            0.051576
13 0.224075            0.038026
14 0.233524            0.036555
15 0.223822            0.043285
16 0.222380            0.047733
17 0.228448            0.041405
18 0.223409            0.042304
19 0.229018            0.041447
20 0.225960            0.045954


Metric: calinski_harabasz_score
--------------------
Pivot Table of P-Values:
          2         3         4         5         6         7         8         9         10        11        12        13        14        15        16        17        18        19        20
2   1.000000  1.000000  1.000000  1.000000  1.000000  1.000000  0.999994  0.999938  0.996457  0.995183  0.935756  0.993900  0.993757  0.821080  0.742084  0.729450  0.866638  0.846170  0.681353
3   1.000000  1.000000  1.000000  0.999986  0.999999  0.999909  0.997864  0.992076  0.922092  0.907689  0.639525  0.894903  0.893562  0.420942  0.325748  0.312806  0.491410  0.457913  0.267929
4   1.000000  1.000000  1.000000  1.000000  1.000000  1.000000  0.999994  0.999943  0.996631  0.995410  0.937620  0.994178  0.994040  0.824803  0.746609  0.734076  0.869743  0.849569  0.686302
5   1.000000  0.999986  1.000000  1.000000  1.000000  1.000000  1.000000  1.000000  0.999995  0.999991  0.998703  0.999986  0.999985  0.990029  0.978596  0.976293  0.994510  0.992674  0.966199
6   1.000000  0.999999  1.000000  1.000000  1.000000  1.000000  1.000000  1.000000  0.999930  0.999888  0.993757  0.999838  0.999833  0.967619  0.940340  0.935284  0.979965  0.974727  0.914239
7   1.000000  0.999909  1.000000  1.000000  1.000000  1.000000  1.000000  1.000000  1.000000  0.999999  0.999683  0.999998  0.999998  0.996545  0.991531  0.990449  0.998282  0.997592  0.985496
8   0.999994  0.997864  0.999994  1.000000  1.000000  1.000000  1.000000  1.000000  1.000000  1.000000  0.999994  1.000000  1.000000  0.999820  0.999365  0.999248  0.999933  0.999892  0.998646
9   0.999938  0.992076  0.999943  1.000000  1.000000  1.000000  1.000000  1.000000  1.000000  1.000000  1.000000  1.000000  1.000000  0.999978  0.999898  0.999875  0.999993  0.999988  0.999745
10  0.996457  0.922092  0.996631  0.999995  0.999930  1.000000  1.000000  1.000000  1.000000  1.000000  1.000000  1.000000  1.000000  1.000000  1.000000  1.000000  1.000000  1.000000  0.999999
11  0.995183  0.907689  0.995410  0.999991  0.999888  0.999999  1.000000  1.000000  1.000000  1.000000  1.000000  1.000000  1.000000  1.000000  1.000000  1.000000  1.000000  1.000000  1.000000
12  0.935756  0.639525  0.937620  0.998703  0.993757  0.999683  0.999994  1.000000  1.000000  1.000000  1.000000  1.000000  1.000000  1.000000  1.000000  1.000000  1.000000  1.000000  1.000000
13  0.993900  0.894903  0.994178  0.999986  0.999838  0.999998  1.000000  1.000000  1.000000  1.000000  1.000000  1.000000  1.000000  1.000000  1.000000  1.000000  1.000000  1.000000  1.000000
14  0.993757  0.893562  0.994040  0.999985  0.999833  0.999998  1.000000  1.000000  1.000000  1.000000  1.000000  1.000000  1.000000  1.000000  1.000000  1.000000  1.000000  1.000000  1.000000
15  0.821080  0.420942  0.824803  0.990029  0.967619  0.996545  0.999820  0.999978  1.000000  1.000000  1.000000  1.000000  1.000000  1.000000  1.000000  1.000000  1.000000  1.000000  1.000000
16  0.742084  0.325748  0.746609  0.978596  0.940340  0.991531  0.999365  0.999898  1.000000  1.000000  1.000000  1.000000  1.000000  1.000000  1.000000  1.000000  1.000000  1.000000  1.000000
17  0.729450  0.312806  0.734076  0.976293  0.935284  0.990449  0.999248  0.999875  1.000000  1.000000  1.000000  1.000000  1.000000  1.000000  1.000000  1.000000  1.000000  1.000000  1.000000
18  0.866638  0.491410  0.869743  0.994510  0.979965  0.998282  0.999933  0.999993  1.000000  1.000000  1.000000  1.000000  1.000000  1.000000  1.000000  1.000000  1.000000  1.000000  1.000000
19  0.846170  0.457913  0.849569  0.992674  0.974727  0.997592  0.999892  0.999988  1.000000  1.000000  1.000000  1.000000  1.000000  1.000000  1.000000  1.000000  1.000000  1.000000  1.000000
20  0.681353  0.267929  0.686302  0.966199  0.914239  0.985496  0.998646  0.999745  0.999999  1.000000  1.000000  1.000000  1.000000  1.000000  1.000000  1.000000  1.000000  1.000000  1.000000

Metric Averages:
 k     Average  Standard Deviation
 2 2287.790405          763.135812
 3 2145.051117          354.869903
 4 1888.095573          350.401626
 5 1704.811060          560.972290
 6 1704.424406          310.508727
 7 1570.450509          323.009056
 8 1484.478101          201.767616
 9 1424.265566          150.276783
10 1327.288741          207.826607
11 1335.453305          179.763221
12 1225.876327          162.367432
13 1307.559716          209.572947
14 1316.477365          243.278975
15 1169.722079          229.815139
16 1159.122487          233.191073
17 1155.484208          209.957582
18 1204.958336          235.648488
19 1183.821766          271.027899
20 1136.556146          280.559455


Metric: Time
--------------------
Pivot Table of P-Values:
          2         3         4         5         6         7         8         9         10        11        12        13        14        15        16        17        18        19        20
2   1.000000  1.000000  1.000000  1.000000  0.999991  0.999608  0.995954  0.971447  0.897846  0.798285  0.587681  0.370449  0.224501  0.144578  0.054374  0.031961  0.009707  0.002783  0.001226
3   1.000000  1.000000  1.000000  1.000000  1.000000  0.999992  0.999771  0.996427  0.977860  0.939634  0.817767  0.629844  0.456016  0.336040  0.162792  0.107774  0.041387  0.014670  0.007329
4   1.000000  1.000000  1.000000  1.000000  1.000000  1.000000  0.999986  0.999524  0.995086  0.982038  0.922866  0.796276  0.645362  0.520484  0.300817  0.216805  0.098666  0.040839  0.022372
5   1.000000  1.000000  1.000000  1.000000  1.000000  1.000000  1.000000  0.999977  0.999493  0.997158  0.979847  0.922866  0.828915  0.731197  0.509689  0.403523  0.222561  0.110146  0.067154
6   0.999991  1.000000  1.000000  1.000000  1.000000  1.000000  1.000000  1.000000  0.999980  0.999794  0.997084  0.981687  0.944008  0.892514  0.733507  0.635037  0.424321  0.252704  0.172462
7   0.999608  0.999992  1.000000  1.000000  1.000000  1.000000  1.000000  1.000000  1.000000  0.999996  0.999850  0.998039  0.990486  0.975718  0.906735  0.848274  0.680757  0.490827  0.377994
8   0.995954  0.999771  0.999986  1.000000  1.000000  1.000000  1.000000  1.000000  1.000000  1.000000  0.999995  0.999850  0.998780  0.995751  0.973888  0.948939  0.853308  0.705217  0.595659
9   0.971447  0.996427  0.999524  0.999977  1.000000  1.000000  1.000000  1.000000  1.000000  1.000000  1.000000  0.999997  0.999948  0.999709  0.996427  0.990891  0.959163  0.885590  0.813960
10  0.897846  0.977860  0.995086  0.999493  0.999980  1.000000  1.000000  1.000000  1.000000  1.000000  1.000000  1.000000  0.999999  0.999989  0.999689  0.998914  0.991839  0.966601  0.934057
11  0.798285  0.939634  0.982038  0.997158  0.999794  0.999996  1.000000  1.000000  1.000000  1.000000  1.000000  1.000000  1.000000  1.000000  0.999967  0.999845  0.998143  0.989409  0.975271
12  0.587681  0.817767  0.922866  0.979847  0.997084  0.999850  0.999995  1.000000  1.000000  1.000000  1.000000  1.000000  1.000000  1.000000  1.000000  0.999996  0.999888  0.998815  0.996244
13  0.370449  0.629844  0.796276  0.922866  0.981687  0.998039  0.999850  0.999997  1.000000  1.000000  1.000000  1.000000  1.000000  1.000000  1.000000  1.000000  0.999997  0.999923  0.999645
14  0.224501  0.456016  0.645362  0.828915  0.944008  0.990486  0.998780  0.999948  0.999999  1.000000  1.000000  1.000000  1.000000  1.000000  1.000000  1.000000  1.000000  0.999995  0.999968
15  0.144578  0.336040  0.520484  0.731197  0.892514  0.975718  0.995751  0.999709  0.999989  1.000000  1.000000  1.000000  1.000000  1.000000  1.000000  1.000000  1.000000  1.000000  0.999996
16  0.054374  0.162792  0.300817  0.509689  0.733507  0.906735  0.973888  0.996427  0.999689  0.999967  1.000000  1.000000  1.000000  1.000000  1.000000  1.000000  1.000000  1.000000  1.000000
17  0.031961  0.107774  0.216805  0.403523  0.635037  0.848274  0.948939  0.990891  0.998914  0.999845  0.999996  1.000000  1.000000  1.000000  1.000000  1.000000  1.000000  1.000000  1.000000
18  0.009707  0.041387  0.098666  0.222561  0.424321  0.680757  0.853308  0.959163  0.991839  0.998143  0.999888  0.999997  1.000000  1.000000  1.000000  1.000000  1.000000  1.000000  1.000000
19  0.002783  0.014670  0.040839  0.110146  0.252704  0.490827  0.705217  0.885590  0.966601  0.989409  0.998815  0.999923  0.999995  1.000000  1.000000  1.000000  1.000000  1.000000  1.000000
20  0.001226  0.007329  0.022372  0.067154  0.172462  0.377994  0.595659  0.813960  0.934057  0.975271  0.996244  0.999645  0.999968  0.999996  1.000000  1.000000  1.000000  1.000000  1.000000

Metric Averages:
 k    Average  Standard Deviation
 2   4.127844            1.149905
 3   7.989645            2.257159
 4  12.344644            4.028895
 5  17.193720            5.423045
 6  23.964805            8.874601
 7  32.212734           11.990896
 8  39.922584           15.724787
 9  50.114587           19.179736
10  60.110119           24.593642
11  67.950201           26.216693
12  77.894566           31.029860
13  90.309715           36.504544
14 101.576991           41.804011
15 108.095956           37.821011
16 122.584883           42.435597
17 134.437511           48.489485
18 153.311732           56.314065
19 179.387564           78.879461
20 197.637039           87.428883

