Statistical Analysis Report for Parameter: k
==================================================

FRIEDMAN TEST RESULTS
--------------------
Metric               Statistic       P-Value         Significant    
-----------------------------------------------------------------
E                    157.1368        0.0000          True           
ARI                  101.9158        0.0000          True           
F1 Score             49.3754         0.0001          True           
DBI                  55.6351         0.0000          True           
silhouette_score     85.7053         0.0000          True           
calinski_harabasz_score 144.7158        0.0000          True           
Time                 161.9439        0.0000          True           


POST-HOC TEST RESULTS
==============================

Metric: E
--------------------
Pivot Table of P-Values:
          2         3         4         5         6         7         8         9         10        11        12        13        14        15        16        17        18        19        20
2   1.000000  1.000000  1.000000  1.000000  1.000000  1.000000  1.000000  1.000000  1.000000  0.999998  0.999999  0.999993  0.999959  0.999929  0.999771  0.999493  0.998849  0.996149  0.993026
3   1.000000  1.000000  1.000000  1.000000  1.000000  1.000000  1.000000  1.000000  1.000000  1.000000  1.000000  0.999999  0.999993  0.999986  0.999946  0.999866  0.999657  0.998633  0.997302
4   1.000000  1.000000  1.000000  1.000000  1.000000  1.000000  1.000000  1.000000  1.000000  1.000000  1.000000  1.000000  0.999999  0.999998  0.999988  0.999967  0.999904  0.999539  0.999005
5   1.000000  1.000000  1.000000  1.000000  1.000000  1.000000  1.000000  1.000000  1.000000  1.000000  1.000000  1.000000  1.000000  1.000000  0.999998  0.999992  0.999974  0.999850  0.999645
6   1.000000  1.000000  1.000000  1.000000  1.000000  1.000000  1.000000  1.000000  1.000000  1.000000  1.000000  1.000000  1.000000  1.000000  1.000000  0.999999  0.999995  0.999961  0.999896
7   1.000000  1.000000  1.000000  1.000000  1.000000  1.000000  1.000000  1.000000  1.000000  1.000000  1.000000  1.000000  1.000000  1.000000  1.000000  1.000000  0.999999  0.999989  0.999968
8   1.000000  1.000000  1.000000  1.000000  1.000000  1.000000  1.000000  1.000000  1.000000  1.000000  1.000000  1.000000  1.000000  1.000000  1.000000  1.000000  1.000000  0.999997  0.999989
9   1.000000  1.000000  1.000000  1.000000  1.000000  1.000000  1.000000  1.000000  1.000000  1.000000  1.000000  1.000000  1.000000  1.000000  1.000000  1.000000  1.000000  0.999999  0.999997
10  1.000000  1.000000  1.000000  1.000000  1.000000  1.000000  1.000000  1.000000  1.000000  1.000000  1.000000  1.000000  1.000000  1.000000  1.000000  1.000000  1.000000  1.000000  0.999999
11  0.999998  1.000000  1.000000  1.000000  1.000000  1.000000  1.000000  1.000000  1.000000  1.000000  1.000000  1.000000  1.000000  1.000000  1.000000  1.000000  1.000000  1.000000  1.000000
12  0.999999  1.000000  1.000000  1.000000  1.000000  1.000000  1.000000  1.000000  1.000000  1.000000  1.000000  1.000000  1.000000  1.000000  1.000000  1.000000  1.000000  1.000000  1.000000
13  0.999993  0.999999  1.000000  1.000000  1.000000  1.000000  1.000000  1.000000  1.000000  1.000000  1.000000  1.000000  1.000000  1.000000  1.000000  1.000000  1.000000  1.000000  1.000000
14  0.999959  0.999993  0.999999  1.000000  1.000000  1.000000  1.000000  1.000000  1.000000  1.000000  1.000000  1.000000  1.000000  1.000000  1.000000  1.000000  1.000000  1.000000  1.000000
15  0.999929  0.999986  0.999998  1.000000  1.000000  1.000000  1.000000  1.000000  1.000000  1.000000  1.000000  1.000000  1.000000  1.000000  1.000000  1.000000  1.000000  1.000000  1.000000
16  0.999771  0.999946  0.999988  0.999998  1.000000  1.000000  1.000000  1.000000  1.000000  1.000000  1.000000  1.000000  1.000000  1.000000  1.000000  1.000000  1.000000  1.000000  1.000000
17  0.999493  0.999866  0.999967  0.999992  0.999999  1.000000  1.000000  1.000000  1.000000  1.000000  1.000000  1.000000  1.000000  1.000000  1.000000  1.000000  1.000000  1.000000  1.000000
18  0.998849  0.999657  0.999904  0.999974  0.999995  0.999999  1.000000  1.000000  1.000000  1.000000  1.000000  1.000000  1.000000  1.000000  1.000000  1.000000  1.000000  1.000000  1.000000
19  0.996149  0.998633  0.999539  0.999850  0.999961  0.999989  0.999997  0.999999  1.000000  1.000000  1.000000  1.000000  1.000000  1.000000  1.000000  1.000000  1.000000  1.000000  1.000000
20  0.993026  0.997302  0.999005  0.999645  0.999896  0.999968  0.999989  0.999997  0.999999  1.000000  1.000000  1.000000  1.000000  1.000000  1.000000  1.000000  1.000000  1.000000  1.000000

Metric Averages:
 k      Average  Standard Deviation
 2 62334.746109        57750.003574
 3 51192.229962        44413.602440
 4 43033.754251        34616.860464
 5 39466.484660        30770.318954
 6 35606.640413        26457.655064
 7 32268.849482        22905.173985
 8 30820.145904        21437.401547
 9 29349.373338        19965.034667
10 28373.886626        19221.399876
11 27043.303774        18342.927432
12 26302.997961        17373.877251
13 25472.134621        16656.561667
14 24425.578298        16041.259541
15 23860.908122        15403.547905
16 22935.420041        14835.789008
17 22636.160281        14480.597233
18 22137.873432        14180.856074
19 21548.992333        13734.612661
20 21220.334525        13516.913248


Metric: ARI
--------------------
Pivot Table of P-Values:
          2         3         4         5         6         7         8         9         10        11        12        13        14        15        16        17        18        19        20
2   1.000000  1.000000  1.000000  0.999999  0.998708  0.904249  0.856603  0.568963  0.312347  0.627234  0.282802  0.254786  0.321726  0.102008  0.122586  0.200086  0.416480  0.362955  0.362955
3   1.000000  1.000000  1.000000  1.000000  0.999911  0.972444  0.952038  0.769183  0.520477  0.813956  0.485442  0.450691  0.531273  0.226444  0.261109  0.377987  0.632437  0.576997  0.576997
4   1.000000  1.000000  1.000000  1.000000  1.000000  0.998039  0.995429  0.945688  0.810104  0.961771  0.783991  0.756093  0.817763  0.515079  0.560909  0.690625  0.881292  0.848270  0.848270
5   0.999999  1.000000  1.000000  1.000000  1.000000  0.999920  0.999738  0.991280  0.945688  0.994722  0.934055  0.920691  0.948937  0.764859  0.800279  0.885587  0.972932  0.961131  0.961131
6   0.998708  0.999911  1.000000  1.000000  1.000000  1.000000  1.000000  0.999956  0.998708  0.999983  0.998143  0.997371  0.998849  0.978269  0.984344  0.994722  0.999645  0.999307  0.999307
7   0.904249  0.972444  0.998039  0.999920  1.000000  1.000000  1.000000  1.000000  1.000000  1.000000  1.000000  0.999999  1.000000  0.999946  0.999973  0.999997  1.000000  1.000000  1.000000
8   0.856603  0.952038  0.995429  0.999738  1.000000  1.000000  1.000000  1.000000  1.000000  1.000000  1.000000  1.000000  1.000000  0.999987  0.999994  1.000000  1.000000  1.000000  1.000000
9   0.568963  0.769183  0.945688  0.991280  0.999956  1.000000  1.000000  1.000000  1.000000  1.000000  1.000000  1.000000  1.000000  1.000000  1.000000  1.000000  1.000000  1.000000  1.000000
10  0.312347  0.520477  0.810104  0.945688  0.998708  1.000000  1.000000  1.000000  1.000000  1.000000  1.000000  1.000000  1.000000  1.000000  1.000000  1.000000  1.000000  1.000000  1.000000
11  0.627234  0.813956  0.961771  0.994722  0.999983  1.000000  1.000000  1.000000  1.000000  1.000000  1.000000  1.000000  1.000000  1.000000  1.000000  1.000000  1.000000  1.000000  1.000000
12  0.282802  0.485442  0.783991  0.934055  0.998143  1.000000  1.000000  1.000000  1.000000  1.000000  1.000000  1.000000  1.000000  1.000000  1.000000  1.000000  1.000000  1.000000  1.000000
13  0.254786  0.450691  0.756093  0.920691  0.997371  0.999999  1.000000  1.000000  1.000000  1.000000  1.000000  1.000000  1.000000  1.000000  1.000000  1.000000  1.000000  1.000000  1.000000
14  0.321726  0.531273  0.817763  0.948937  0.998849  1.000000  1.000000  1.000000  1.000000  1.000000  1.000000  1.000000  1.000000  1.000000  1.000000  1.000000  1.000000  1.000000  1.000000
15  0.102008  0.226444  0.515079  0.764859  0.978269  0.999946  0.999987  1.000000  1.000000  1.000000  1.000000  1.000000  1.000000  1.000000  1.000000  1.000000  1.000000  1.000000  1.000000
16  0.122586  0.261109  0.560909  0.800279  0.984344  0.999973  0.999994  1.000000  1.000000  1.000000  1.000000  1.000000  1.000000  1.000000  1.000000  1.000000  1.000000  1.000000  1.000000
17  0.200086  0.377987  0.690625  0.885587  0.994722  0.999997  1.000000  1.000000  1.000000  1.000000  1.000000  1.000000  1.000000  1.000000  1.000000  1.000000  1.000000  1.000000  1.000000
18  0.416480  0.632437  0.881292  0.972932  0.999645  1.000000  1.000000  1.000000  1.000000  1.000000  1.000000  1.000000  1.000000  1.000000  1.000000  1.000000  1.000000  1.000000  1.000000
19  0.362955  0.576997  0.848270  0.961131  0.999307  1.000000  1.000000  1.000000  1.000000  1.000000  1.000000  1.000000  1.000000  1.000000  1.000000  1.000000  1.000000  1.000000  1.000000
20  0.362955  0.576997  0.848270  0.961131  0.999307  1.000000  1.000000  1.000000  1.000000  1.000000  1.000000  1.000000  1.000000  1.000000  1.000000  1.000000  1.000000  1.000000  1.000000

Metric Averages:
 k  Average  Standard Deviation
 2 0.097027            0.023660
 3 0.216027            0.025151
 4 0.298551            0.022712
 5 0.341411            0.022188
 6 0.388779            0.015615
 7 0.442712            0.028091
 8 0.451452            0.030058
 9 0.484977            0.044667
10 0.507452            0.035078
11 0.476625            0.076211
12 0.505253            0.064395
13 0.506773            0.071277
14 0.498813            0.104190
15 0.522122            0.087295
16 0.509918            0.112384
17 0.505537            0.096916
18 0.489951            0.107389
19 0.486023            0.123105
20 0.488300            0.115735


Metric: F1 Score
--------------------
Pivot Table of P-Values:
          2         3         4         5         6         7         8         9         10        11        12        13        14        15        16        17        18        19        20
2   1.000000  1.000000  1.000000  0.997371  0.997439  0.999979  0.999856  0.544760  0.794252  0.884167  0.825240  0.944852  0.964249  0.998593  1.000000  1.000000  0.999998  0.999996  0.999984
3   1.000000  1.000000  1.000000  0.999950  0.999952  1.000000  0.999999  0.832535  0.957116  0.983058  0.967168  0.994722  0.997302  0.999981  1.000000  1.000000  1.000000  1.000000  1.000000
4   1.000000  1.000000  1.000000  0.999997  0.999998  1.000000  1.000000  0.924994  0.986947  0.995954  0.990690  0.999062  0.999595  0.999999  1.000000  1.000000  1.000000  1.000000  1.000000
5   0.997371  0.999950  0.999997  1.000000  1.000000  1.000000  1.000000  0.999978  1.000000  1.000000  1.000000  1.000000  1.000000  1.000000  1.000000  0.999990  1.000000  1.000000  1.000000
6   0.997439  0.999952  0.999998  1.000000  1.000000  1.000000  1.000000  0.999977  1.000000  1.000000  1.000000  1.000000  1.000000  1.000000  1.000000  0.999990  1.000000  1.000000  1.000000
7   0.999979  1.000000  1.000000  1.000000  1.000000  1.000000  1.000000  0.997302  0.999888  0.999987  0.999939  0.999999  1.000000  1.000000  1.000000  1.000000  1.000000  1.000000  1.000000
8   0.999856  0.999999  1.000000  1.000000  1.000000  1.000000  1.000000  0.999328  0.999985  0.999999  0.999993  1.000000  1.000000  1.000000  1.000000  1.000000  1.000000  1.000000  1.000000
9   0.544760  0.832535  0.924994  0.999978  0.999977  0.997302  0.999328  1.000000  1.000000  1.000000  1.000000  1.000000  1.000000  0.999944  0.978269  0.891150  0.992018  0.993337  0.996851
10  0.794252  0.957116  0.986947  1.000000  1.000000  0.999888  0.999985  1.000000  1.000000  1.000000  1.000000  1.000000  1.000000  1.000000  0.997815  0.977444  0.999477  0.999595  0.999861
11  0.884167  0.983058  0.995954  1.000000  1.000000  0.999987  0.999999  1.000000  1.000000  1.000000  1.000000  1.000000  1.000000  1.000000  0.999524  0.992194  0.999914  0.999937  0.999983
12  0.825240  0.967168  0.990690  1.000000  1.000000  0.999939  0.999993  1.000000  1.000000  1.000000  1.000000  1.000000  1.000000  1.000000  0.998593  0.983387  0.999689  0.999763  0.999923
13  0.944852  0.994722  0.999062  1.000000  1.000000  0.999999  1.000000  1.000000  1.000000  1.000000  1.000000  1.000000  1.000000  1.000000  0.999929  0.997930  0.999991  0.999994  0.999999
14  0.964249  0.997302  0.999595  1.000000  1.000000  1.000000  1.000000  1.000000  1.000000  1.000000  1.000000  1.000000  1.000000  1.000000  0.999976  0.999034  0.999998  0.999998  1.000000
15  0.998593  0.999981  0.999999  1.000000  1.000000  1.000000  1.000000  0.999944  1.000000  1.000000  1.000000  1.000000  1.000000  1.000000  1.000000  0.999997  1.000000  1.000000  1.000000
16  1.000000  1.000000  1.000000  1.000000  1.000000  1.000000  1.000000  0.978269  0.997815  0.999524  0.998593  0.999929  0.999976  1.000000  1.000000  1.000000  1.000000  1.000000  1.000000
17  1.000000  1.000000  1.000000  0.999990  0.999990  1.000000  1.000000  0.891150  0.977444  0.992194  0.983387  0.997930  0.999034  0.999997  1.000000  1.000000  1.000000  1.000000  1.000000
18  0.999998  1.000000  1.000000  1.000000  1.000000  1.000000  1.000000  0.992018  0.999477  0.999914  0.999689  0.999991  0.999998  1.000000  1.000000  1.000000  1.000000  1.000000  1.000000
19  0.999996  1.000000  1.000000  1.000000  1.000000  1.000000  1.000000  0.993337  0.999595  0.999937  0.999763  0.999994  0.999998  1.000000  1.000000  1.000000  1.000000  1.000000  1.000000
20  0.999984  1.000000  1.000000  1.000000  1.000000  1.000000  1.000000  0.996851  0.999861  0.999983  0.999923  0.999999  1.000000  1.000000  1.000000  1.000000  1.000000  1.000000  1.000000

Metric Averages:
 k  Average  Standard Deviation
 2 0.022502            0.032595
 3 0.042252            0.041601
 4 0.054159            0.060149
 5 0.078267            0.049771
 6 0.083963            0.061040
 7 0.066005            0.053862
 8 0.069802            0.052470
 9 0.139236            0.063687
10 0.137193            0.098702
11 0.117893            0.068867
12 0.131933            0.075709
13 0.119203            0.101298
14 0.091795            0.033658
15 0.075298            0.031246
16 0.051598            0.031492
17 0.052594            0.063380
18 0.060003            0.045947
19 0.066357            0.068613
20 0.065951            0.057406


Metric: DBI
--------------------
Pivot Table of P-Values:
          2         3         4         5         6         7         8         9         10        11        12        13        14        15        16        17        18        19        20
2   1.000000  1.000000  1.000000  0.999850  0.998091  0.954267  0.997696  0.999117  0.999794  0.998671  0.999568  0.999808  0.999926  0.999998  1.000000  1.000000  1.000000  1.000000  0.999999
3   1.000000  1.000000  1.000000  0.999992  0.999787  0.987474  0.999729  0.999920  0.999988  0.999866  0.999968  0.999989  0.999997  1.000000  1.000000  1.000000  1.000000  1.000000  1.000000
4   1.000000  1.000000  1.000000  1.000000  0.999984  0.997302  0.999978  0.999995  1.000000  0.999991  0.999999  1.000000  1.000000  1.000000  1.000000  1.000000  1.000000  1.000000  1.000000
5   0.999850  0.999992  1.000000  1.000000  1.000000  1.000000  1.000000  1.000000  1.000000  1.000000  1.000000  1.000000  1.000000  1.000000  1.000000  1.000000  1.000000  1.000000  1.000000
6   0.998091  0.999787  0.999984  1.000000  1.000000  1.000000  1.000000  1.000000  1.000000  1.000000  1.000000  1.000000  1.000000  1.000000  1.000000  1.000000  0.999999  0.999999  1.000000
7   0.954267  0.987474  0.997302  1.000000  1.000000  1.000000  1.000000  1.000000  1.000000  1.000000  1.000000  1.000000  1.000000  0.999992  0.999884  0.999963  0.999477  0.999493  0.999981
8   0.997696  0.999729  0.999978  1.000000  1.000000  1.000000  1.000000  1.000000  1.000000  1.000000  1.000000  1.000000  1.000000  1.000000  1.000000  1.000000  0.999999  0.999999  1.000000
9   0.999117  0.999920  0.999995  1.000000  1.000000  1.000000  1.000000  1.000000  1.000000  1.000000  1.000000  1.000000  1.000000  1.000000  1.000000  1.000000  1.000000  1.000000  1.000000
10  0.999794  0.999988  1.000000  1.000000  1.000000  1.000000  1.000000  1.000000  1.000000  1.000000  1.000000  1.000000  1.000000  1.000000  1.000000  1.000000  1.000000  1.000000  1.000000
11  0.998671  0.999866  0.999991  1.000000  1.000000  1.000000  1.000000  1.000000  1.000000  1.000000  1.000000  1.000000  1.000000  1.000000  1.000000  1.000000  1.000000  1.000000  1.000000
12  0.999568  0.999968  0.999999  1.000000  1.000000  1.000000  1.000000  1.000000  1.000000  1.000000  1.000000  1.000000  1.000000  1.000000  1.000000  1.000000  1.000000  1.000000  1.000000
13  0.999808  0.999989  1.000000  1.000000  1.000000  1.000000  1.000000  1.000000  1.000000  1.000000  1.000000  1.000000  1.000000  1.000000  1.000000  1.000000  1.000000  1.000000  1.000000
14  0.999926  0.999997  1.000000  1.000000  1.000000  1.000000  1.000000  1.000000  1.000000  1.000000  1.000000  1.000000  1.000000  1.000000  1.000000  1.000000  1.000000  1.000000  1.000000
15  0.999998  1.000000  1.000000  1.000000  1.000000  0.999992  1.000000  1.000000  1.000000  1.000000  1.000000  1.000000  1.000000  1.000000  1.000000  1.000000  1.000000  1.000000  1.000000
16  1.000000  1.000000  1.000000  1.000000  1.000000  0.999884  1.000000  1.000000  1.000000  1.000000  1.000000  1.000000  1.000000  1.000000  1.000000  1.000000  1.000000  1.000000  1.000000
17  1.000000  1.000000  1.000000  1.000000  1.000000  0.999963  1.000000  1.000000  1.000000  1.000000  1.000000  1.000000  1.000000  1.000000  1.000000  1.000000  1.000000  1.000000  1.000000
18  1.000000  1.000000  1.000000  1.000000  0.999999  0.999477  0.999999  1.000000  1.000000  1.000000  1.000000  1.000000  1.000000  1.000000  1.000000  1.000000  1.000000  1.000000  1.000000
19  1.000000  1.000000  1.000000  1.000000  0.999999  0.999493  0.999999  1.000000  1.000000  1.000000  1.000000  1.000000  1.000000  1.000000  1.000000  1.000000  1.000000  1.000000  1.000000
20  0.999999  1.000000  1.000000  1.000000  1.000000  0.999981  1.000000  1.000000  1.000000  1.000000  1.000000  1.000000  1.000000  1.000000  1.000000  1.000000  1.000000  1.000000  1.000000

Metric Averages:
 k  Average  Standard Deviation
 2 1.778776            0.226217
 3 1.673847            0.142215
 4 1.572951            0.241356
 5 1.467263            0.250465
 6 1.429361            0.208811
 7 1.475812            0.392529
 8 1.492061            0.320245
 9 1.646720            0.602635
10 1.622088            0.543083
11 1.703202            0.690895
12 1.614457            0.503030
13 1.661472            0.563027
14 1.543250            0.329401
15 1.672923            0.523959
16 1.788359            0.697647
17 1.587957            0.341422
18 1.726268            0.570630
19 1.646894            0.396315
20 1.573517            0.309563


Metric: silhouette_score
--------------------
Pivot Table of P-Values:
          2         3         4         5         6         7         8         9         10        11        12        13        14        15        16        17        18        19        20
2   1.000000  1.000000  1.000000  0.999984  0.998242  0.991280  0.998426  0.997930  0.998512  0.998553  0.999904  0.999997  1.000000  1.000000  1.000000  1.000000  1.000000  1.000000  1.000000
3   1.000000  1.000000  1.000000  0.999987  0.998469  0.992194  0.998633  0.998193  0.998708  0.998745  0.999920  0.999998  1.000000  1.000000  1.000000  1.000000  1.000000  1.000000  1.000000
4   1.000000  1.000000  1.000000  1.000000  0.999815  0.998553  0.999839  0.999771  0.999850  0.999856  0.999996  1.000000  1.000000  1.000000  1.000000  1.000000  1.000000  1.000000  1.000000
5   0.999984  0.999987  1.000000  1.000000  1.000000  1.000000  1.000000  1.000000  1.000000  1.000000  1.000000  1.000000  1.000000  1.000000  1.000000  1.000000  1.000000  1.000000  0.999999
6   0.998242  0.998469  0.999815  1.000000  1.000000  1.000000  1.000000  1.000000  1.000000  1.000000  1.000000  1.000000  1.000000  1.000000  0.999996  0.999963  0.999808  0.999801  0.999763
7   0.991280  0.992194  0.998553  1.000000  1.000000  1.000000  1.000000  1.000000  1.000000  1.000000  1.000000  1.000000  0.999999  0.999999  0.999934  0.999595  0.998512  0.998469  0.998242
8   0.998426  0.998633  0.999839  1.000000  1.000000  1.000000  1.000000  1.000000  1.000000  1.000000  1.000000  1.000000  1.000000  1.000000  0.999997  0.999968  0.999833  0.999827  0.999794
9   0.997930  0.998193  0.999771  1.000000  1.000000  1.000000  1.000000  1.000000  1.000000  1.000000  1.000000  1.000000  1.000000  1.000000  0.999995  0.999952  0.999763  0.999755  0.999709
10  0.998512  0.998708  0.999850  1.000000  1.000000  1.000000  1.000000  1.000000  1.000000  1.000000  1.000000  1.000000  1.000000  1.000000  0.999997  0.999971  0.999845  0.999839  0.999808
11  0.998553  0.998745  0.999856  1.000000  1.000000  1.000000  1.000000  1.000000  1.000000  1.000000  1.000000  1.000000  1.000000  1.000000  0.999997  0.999972  0.999850  0.999845  0.999815
12  0.999904  0.999920  0.999996  1.000000  1.000000  1.000000  1.000000  1.000000  1.000000  1.000000  1.000000  1.000000  1.000000  1.000000  1.000000  1.000000  0.999995  0.999995  0.999994
13  0.999997  0.999998  1.000000  1.000000  1.000000  1.000000  1.000000  1.000000  1.000000  1.000000  1.000000  1.000000  1.000000  1.000000  1.000000  1.000000  1.000000  1.000000  1.000000
14  1.000000  1.000000  1.000000  1.000000  1.000000  0.999999  1.000000  1.000000  1.000000  1.000000  1.000000  1.000000  1.000000  1.000000  1.000000  1.000000  1.000000  1.000000  1.000000
15  1.000000  1.000000  1.000000  1.000000  1.000000  0.999999  1.000000  1.000000  1.000000  1.000000  1.000000  1.000000  1.000000  1.000000  1.000000  1.000000  1.000000  1.000000  1.000000
16  1.000000  1.000000  1.000000  1.000000  0.999996  0.999934  0.999997  0.999995  0.999997  0.999997  1.000000  1.000000  1.000000  1.000000  1.000000  1.000000  1.000000  1.000000  1.000000
17  1.000000  1.000000  1.000000  1.000000  0.999963  0.999595  0.999968  0.999952  0.999971  0.999972  1.000000  1.000000  1.000000  1.000000  1.000000  1.000000  1.000000  1.000000  1.000000
18  1.000000  1.000000  1.000000  1.000000  0.999808  0.998512  0.999833  0.999763  0.999845  0.999850  0.999995  1.000000  1.000000  1.000000  1.000000  1.000000  1.000000  1.000000  1.000000
19  1.000000  1.000000  1.000000  1.000000  0.999801  0.998469  0.999827  0.999755  0.999839  0.999845  0.999995  1.000000  1.000000  1.000000  1.000000  1.000000  1.000000  1.000000  1.000000
20  1.000000  1.000000  1.000000  0.999999  0.999763  0.998242  0.999794  0.999709  0.999808  0.999815  0.999994  1.000000  1.000000  1.000000  1.000000  1.000000  1.000000  1.000000  1.000000

Metric Averages:
 k  Average  Standard Deviation
 2 0.224418            0.038792
 3 0.222719            0.022506
 4 0.233536            0.052597
 5 0.250780            0.061552
 6 0.270293            0.041935
 7 0.270186            0.061999
 8 0.265869            0.056220
 9 0.260767            0.069268
10 0.263819            0.060067
11 0.247194            0.100437
12 0.253715            0.069919
13 0.236951            0.083956
14 0.227300            0.093051
15 0.232071            0.081725
16 0.217766            0.092073
17 0.217577            0.084874
18 0.205210            0.101166
19 0.202767            0.106645
20 0.201141            0.105975


Metric: calinski_harabasz_score
--------------------
Pivot Table of P-Values:
          2         3         4         5         6         7         8         9         10        11        12        13        14        15        16        17        18        19        20
2   1.000000  1.000000  1.000000  1.000000  1.000000  1.000000  1.000000  1.000000  0.999997  0.999948  0.999920  0.998143  0.992703  0.989851  0.968282  0.902991  0.796272  0.673272  0.582341
3   1.000000  1.000000  1.000000  1.000000  1.000000  1.000000  0.999999  0.999944  0.999406  0.996602  0.995538  0.967168  0.922864  0.905496  0.812035  0.642782  0.469352  0.331233  0.252697
4   1.000000  1.000000  1.000000  1.000000  1.000000  1.000000  1.000000  0.999991  0.999861  0.998945  0.998553  0.985255  0.959826  0.948937  0.884167  0.747169  0.585009  0.440096  0.350611
5   1.000000  1.000000  1.000000  1.000000  1.000000  1.000000  1.000000  1.000000  0.999991  0.999884  0.999827  0.996770  0.988475  0.984344  0.954993  0.873900  0.751650  0.619394  0.525875
6   1.000000  1.000000  1.000000  1.000000  1.000000  1.000000  1.000000  0.999998  0.999948  0.999524  0.999328  0.991470  0.974355  0.966600  0.917351  0.802266  0.653042  0.509682  0.416480
7   1.000000  1.000000  1.000000  1.000000  1.000000  1.000000  1.000000  1.000000  0.999999  0.999983  0.999972  0.999117  0.996053  0.994335  0.980226  0.932114  0.844855  0.735803  0.650485
8   1.000000  0.999999  1.000000  1.000000  1.000000  1.000000  1.000000  1.000000  1.000000  1.000000  1.000000  0.999994  0.999934  0.999884  0.999168  0.994064  0.977022  0.943151  0.906732
9   1.000000  0.999944  0.999991  1.000000  0.999998  1.000000  1.000000  1.000000  1.000000  1.000000  1.000000  1.000000  0.999999  0.999998  0.999970  0.999539  0.997008  0.989409  0.978672
10  0.999997  0.999406  0.999861  0.999991  0.999948  0.999999  1.000000  1.000000  1.000000  1.000000  1.000000  1.000000  1.000000  1.000000  0.999999  0.999959  0.999568  0.997873  0.994846
11  0.999948  0.996602  0.998945  0.999884  0.999524  0.999983  1.000000  1.000000  1.000000  1.000000  1.000000  1.000000  1.000000  1.000000  1.000000  0.999998  0.999954  0.999668  0.999005
12  0.999920  0.995538  0.998553  0.999827  0.999328  0.999972  1.000000  1.000000  1.000000  1.000000  1.000000  1.000000  1.000000  1.000000  1.000000  0.999999  0.999971  0.999771  0.999285
13  0.998143  0.967168  0.985255  0.996770  0.991470  0.999117  0.999994  1.000000  1.000000  1.000000  1.000000  1.000000  1.000000  1.000000  1.000000  1.000000  1.000000  0.999996  0.999979
14  0.992703  0.922864  0.959826  0.988475  0.974355  0.996053  0.999934  0.999999  1.000000  1.000000  1.000000  1.000000  1.000000  1.000000  1.000000  1.000000  1.000000  1.000000  0.999999
15  0.989851  0.905496  0.948937  0.984344  0.966600  0.994335  0.999884  0.999998  1.000000  1.000000  1.000000  1.000000  1.000000  1.000000  1.000000  1.000000  1.000000  1.000000  0.999999
16  0.968282  0.812035  0.884167  0.954993  0.917351  0.980226  0.999168  0.999970  0.999999  1.000000  1.000000  1.000000  1.000000  1.000000  1.000000  1.000000  1.000000  1.000000  1.000000
17  0.902991  0.642782  0.747169  0.873900  0.802266  0.932114  0.994064  0.999539  0.999959  0.999998  0.999999  1.000000  1.000000  1.000000  1.000000  1.000000  1.000000  1.000000  1.000000
18  0.796272  0.469352  0.585009  0.751650  0.653042  0.844855  0.977022  0.997008  0.999568  0.999954  0.999971  1.000000  1.000000  1.000000  1.000000  1.000000  1.000000  1.000000  1.000000
19  0.673272  0.331233  0.440096  0.619394  0.509682  0.735803  0.943151  0.989409  0.997873  0.999668  0.999771  0.999996  1.000000  1.000000  1.000000  1.000000  1.000000  1.000000  1.000000
20  0.582341  0.252697  0.350611  0.525875  0.416480  0.650485  0.906732  0.978672  0.994846  0.999005  0.999285  0.999979  0.999999  0.999999  1.000000  1.000000  1.000000  1.000000  1.000000

Metric Averages:
 k     Average  Standard Deviation
 2 2807.280248          268.993176
 3 2949.339191          258.815911
 4 2931.594574          610.213829
 5 2805.086338          579.348336
 6 2879.099493          336.659506
 7 2807.027648          408.059195
 8 2654.918221          395.596898
 9 2518.336123          400.716634
10 2466.348432          311.517137
11 2287.843376          574.852516
12 2325.773242          385.535910
13 2198.430368          441.126549
14 2101.082105          500.822629
15 2115.800685          443.449851
16 2022.869047          500.855477
17 1985.251909          459.368318
18 1891.739212          499.157992
19 1802.143476          528.434533
20 1768.632636          498.829926


Metric: Time
--------------------
Pivot Table of P-Values:
          2         3         4         5         6         7         8         9         10        11        12        13        14        15        16        17        18        19        20
2   1.000000  1.000000  1.000000  1.000000  0.999989  0.999779  0.997158  0.981330  0.916217  0.810108  0.616779  0.375473  0.203733  0.099772  0.046599  0.019008  0.009243  0.003402  0.001133
3   1.000000  1.000000  1.000000  1.000000  1.000000  0.999994  0.999808  0.997506  0.980226  0.936891  0.821528  0.611522  0.403523  0.238358  0.131891  0.063951  0.035199  0.015131  0.005877
4   1.000000  1.000000  1.000000  1.000000  1.000000  1.000000  0.999994  0.999801  0.996851  0.984957  0.936891  0.806211  0.624632  0.434826  0.280597  0.159653  0.098666  0.049082  0.022046
5   1.000000  1.000000  1.000000  1.000000  1.000000  1.000000  1.000000  0.999992  0.999689  0.997571  0.983712  0.924996  0.808165  0.645362  0.477395  0.314686  0.216805  0.123889  0.063951
6   0.999989  1.000000  1.000000  1.000000  1.000000  1.000000  1.000000  1.000000  0.999992  0.999856  0.998039  0.983712  0.937815  0.844859  0.714782  0.550155  0.426941  0.285028  0.172462
7   0.999779  0.999994  1.000000  1.000000  1.000000  1.000000  1.000000  1.000000  1.000000  0.999994  0.999815  0.997084  0.983058  0.942288  0.866217  0.742656  0.629844  0.474714  0.326470
8   0.997158  0.999808  0.999994  1.000000  1.000000  1.000000  1.000000  1.000000  1.000000  1.000000  0.999994  0.999771  0.997571  0.987213  0.959163  0.896530  0.823392  0.697958  0.547461
9   0.981330  0.997506  0.999801  0.999992  1.000000  1.000000  1.000000  1.000000  1.000000  1.000000  1.000000  0.999992  0.999815  0.998290  0.991839  0.970938  0.938730  0.867778  0.758304
10  0.916217  0.980226  0.996851  0.999689  0.999992  1.000000  1.000000  1.000000  1.000000  1.000000  1.000000  1.000000  0.999996  0.999914  0.999263  0.995751  0.987984  0.964250  0.913914
11  0.810108  0.936891  0.984957  0.997571  0.999856  0.999994  1.000000  1.000000  1.000000  1.000000  1.000000  1.000000  1.000000  0.999996  0.999932  0.999368  0.997634  0.990486  0.970422
12  0.616779  0.821528  0.936891  0.983712  0.998039  0.999815  0.999994  1.000000  1.000000  1.000000  1.000000  1.000000  1.000000  1.000000  0.999998  0.999968  0.999815  0.998815  0.994596
13  0.375473  0.611522  0.806211  0.924996  0.983712  0.997084  0.999771  0.999992  1.000000  1.000000  1.000000  1.000000  1.000000  1.000000  1.000000  1.000000  0.999996  0.999946  0.999568
14  0.203733  0.403523  0.624632  0.808165  0.937815  0.983058  0.997571  0.999815  0.999996  1.000000  1.000000  1.000000  1.000000  1.000000  1.000000  1.000000  1.000000  0.999999  0.999976
15  0.099772  0.238358  0.434826  0.645362  0.844859  0.942288  0.987213  0.998290  0.999914  0.999996  1.000000  1.000000  1.000000  1.000000  1.000000  1.000000  1.000000  1.000000  0.999999
16  0.046599  0.131891  0.280597  0.477395  0.714782  0.866217  0.959163  0.991839  0.999263  0.999932  0.999998  1.000000  1.000000  1.000000  1.000000  1.000000  1.000000  1.000000  1.000000
17  0.019008  0.063951  0.159653  0.314686  0.550155  0.742656  0.896530  0.970938  0.995751  0.999368  0.999968  1.000000  1.000000  1.000000  1.000000  1.000000  1.000000  1.000000  1.000000
18  0.009243  0.035199  0.098666  0.216805  0.426941  0.629844  0.823392  0.938730  0.987984  0.997634  0.999815  0.999996  1.000000  1.000000  1.000000  1.000000  1.000000  1.000000  1.000000
19  0.003402  0.015131  0.049082  0.123889  0.285028  0.474714  0.697958  0.867778  0.964250  0.990486  0.998815  0.999946  0.999999  1.000000  1.000000  1.000000  1.000000  1.000000  1.000000
20  0.001133  0.005877  0.022046  0.063951  0.172462  0.326470  0.547461  0.758304  0.913914  0.970422  0.994596  0.999568  0.999976  0.999999  1.000000  1.000000  1.000000  1.000000  1.000000

Metric Averages:
 k    Average  Standard Deviation
 2   4.591015            0.791393
 3   8.000093            1.730605
 4  12.419592            3.142202
 5  17.007528            4.884572
 6  23.652003            6.933518
 7  30.082273            9.538062
 8  38.531743           12.425947
 9  47.252774           15.819006
10  57.667112           19.420461
11  68.349542           23.397681
12  80.242840           27.944997
13  93.180898           33.386451
14 106.994057           38.258258
15 121.932220           43.208212
16 137.817767           49.203521
17 160.974118           57.123862
18 174.179761           60.638541
19 191.067076           71.161367
20 208.973538           76.788426

