Statistical Analysis Report for Parameter: k
==================================================

FRIEDMAN TEST RESULTS
--------------------
Metric               Statistic       P-Value         Significant    
-----------------------------------------------------------------
E                    82.5786         0.0000          True           
ARI                  70.3576         0.0000          True           
F1 Score             94.7038         0.0000          True           
DBI                  75.4830         0.0000          True           
silhouette_score     34.4148         0.0112          True           
calinski_harabasz_score 69.7638         0.0000          True           
Time                 159.9649        0.0000          True           


POST-HOC TEST RESULTS
==============================

Metric: E
--------------------
Pivot Table of P-Values:
          2         3         4         5         6         7         8         9         10   11        12        13        14        15        16        17        18        19        20
2   1.000000  1.000000  1.000000  1.000000  1.000000  1.000000  1.000000  1.000000  0.999999  1.0  0.999996  0.999892  0.999727  0.999954  0.998824  0.999814  0.995504  0.994618  0.993207
3   1.000000  1.000000  1.000000  1.000000  1.000000  1.000000  1.000000  1.000000  1.000000  1.0  0.999998  0.999939  0.999838  0.999975  0.999247  0.999892  0.996907  0.996262  0.995223
4   1.000000  1.000000  1.000000  1.000000  1.000000  1.000000  1.000000  1.000000  1.000000  1.0  1.000000  0.999998  0.999993  0.999999  0.999945  0.999996  0.999655  0.999558  0.999393
5   1.000000  1.000000  1.000000  1.000000  1.000000  1.000000  1.000000  1.000000  1.000000  1.0  1.000000  1.000000  0.999999  1.000000  0.999991  1.000000  0.999923  0.999898  0.999852
6   1.000000  1.000000  1.000000  1.000000  1.000000  1.000000  1.000000  1.000000  1.000000  1.0  1.000000  0.999997  0.999989  0.999999  0.999923  0.999993  0.999544  0.999421  0.999212
7   1.000000  1.000000  1.000000  1.000000  1.000000  1.000000  1.000000  1.000000  1.000000  1.0  1.000000  1.000000  1.000000  1.000000  1.000000  1.000000  0.999993  0.999990  0.999984
8   1.000000  1.000000  1.000000  1.000000  1.000000  1.000000  1.000000  1.000000  1.000000  1.0  1.000000  1.000000  1.000000  1.000000  1.000000  1.000000  0.999994  0.999992  0.999987
9   1.000000  1.000000  1.000000  1.000000  1.000000  1.000000  1.000000  1.000000  1.000000  1.0  1.000000  1.000000  1.000000  1.000000  0.999999  1.000000  0.999991  0.999987  0.999980
10  0.999999  1.000000  1.000000  1.000000  1.000000  1.000000  1.000000  1.000000  1.000000  1.0  1.000000  1.000000  1.000000  1.000000  1.000000  1.000000  1.000000  1.000000  1.000000
11  1.000000  1.000000  1.000000  1.000000  1.000000  1.000000  1.000000  1.000000  1.000000  1.0  1.000000  1.000000  1.000000  1.000000  1.000000  1.000000  1.000000  1.000000  1.000000
12  0.999996  0.999998  1.000000  1.000000  1.000000  1.000000  1.000000  1.000000  1.000000  1.0  1.000000  1.000000  1.000000  1.000000  1.000000  1.000000  1.000000  1.000000  1.000000
13  0.999892  0.999939  0.999998  1.000000  0.999997  1.000000  1.000000  1.000000  1.000000  1.0  1.000000  1.000000  1.000000  1.000000  1.000000  1.000000  1.000000  1.000000  1.000000
14  0.999727  0.999838  0.999993  0.999999  0.999989  1.000000  1.000000  1.000000  1.000000  1.0  1.000000  1.000000  1.000000  1.000000  1.000000  1.000000  1.000000  1.000000  1.000000
15  0.999954  0.999975  0.999999  1.000000  0.999999  1.000000  1.000000  1.000000  1.000000  1.0  1.000000  1.000000  1.000000  1.000000  1.000000  1.000000  1.000000  1.000000  1.000000
16  0.998824  0.999247  0.999945  0.999991  0.999923  1.000000  1.000000  0.999999  1.000000  1.0  1.000000  1.000000  1.000000  1.000000  1.000000  1.000000  1.000000  1.000000  1.000000
17  0.999814  0.999892  0.999996  1.000000  0.999993  1.000000  1.000000  1.000000  1.000000  1.0  1.000000  1.000000  1.000000  1.000000  1.000000  1.000000  1.000000  1.000000  1.000000
18  0.995504  0.996907  0.999655  0.999923  0.999544  0.999993  0.999994  0.999991  1.000000  1.0  1.000000  1.000000  1.000000  1.000000  1.000000  1.000000  1.000000  1.000000  1.000000
19  0.994618  0.996262  0.999558  0.999898  0.999421  0.999990  0.999992  0.999987  1.000000  1.0  1.000000  1.000000  1.000000  1.000000  1.000000  1.000000  1.000000  1.000000  1.000000
20  0.993207  0.995223  0.999393  0.999852  0.999212  0.999984  0.999987  0.999980  1.000000  1.0  1.000000  1.000000  1.000000  1.000000  1.000000  1.000000  1.000000  1.000000  1.000000


Metric: ARI
--------------------
Pivot Table of P-Values:
          2         3         4         5         6         7         8         9         10        11        12        13        14        15        16        17        18        19        20
2   1.000000  1.000000  1.000000  1.000000  0.992732  0.999942  0.993289  0.997286  0.874299  0.999395  0.996666  0.996449  0.798601  0.990619  0.898898  0.854522  0.841770  0.824673  0.890867
3   1.000000  1.000000  1.000000  1.000000  0.999995  1.000000  0.999996  0.999999  0.997744  1.000000  0.999999  0.999999  0.993442  0.999992  0.998607  0.996872  0.996220  0.995228  0.998351
4   1.000000  1.000000  1.000000  1.000000  0.999999  1.000000  0.999999  1.000000  0.998827  1.000000  1.000000  1.000000  0.996267  0.999997  0.999305  0.998328  0.997947  0.997356  0.999165
5   1.000000  1.000000  1.000000  1.000000  0.999998  1.000000  0.999999  1.000000  0.998775  1.000000  1.000000  1.000000  0.996124  0.999997  0.999272  0.998257  0.997862  0.997251  0.999126
6   0.992732  0.999995  0.999999  0.999998  1.000000  1.000000  1.000000  1.000000  1.000000  1.000000  1.000000  1.000000  1.000000  1.000000  1.000000  1.000000  1.000000  1.000000  1.000000
7   0.999942  1.000000  1.000000  1.000000  1.000000  1.000000  1.000000  1.000000  0.999994  1.000000  1.000000  1.000000  0.999961  1.000000  0.999998  0.999990  0.999985  0.999978  0.999997
8   0.993289  0.999996  0.999999  0.999999  1.000000  1.000000  1.000000  1.000000  1.000000  1.000000  1.000000  1.000000  1.000000  1.000000  1.000000  1.000000  1.000000  1.000000  1.000000
9   0.997286  0.999999  1.000000  1.000000  1.000000  1.000000  1.000000  1.000000  1.000000  1.000000  1.000000  1.000000  1.000000  1.000000  1.000000  1.000000  1.000000  1.000000  1.000000
10  0.874299  0.997744  0.998827  0.998775  1.000000  0.999994  1.000000  1.000000  1.000000  1.000000  1.000000  1.000000  1.000000  1.000000  1.000000  1.000000  1.000000  1.000000  1.000000
11  0.999395  1.000000  1.000000  1.000000  1.000000  1.000000  1.000000  1.000000  1.000000  1.000000  1.000000  1.000000  0.999998  1.000000  1.000000  1.000000  1.000000  0.999999  1.000000
12  0.996666  0.999999  1.000000  1.000000  1.000000  1.000000  1.000000  1.000000  1.000000  1.000000  1.000000  1.000000  1.000000  1.000000  1.000000  1.000000  1.000000  1.000000  1.000000
13  0.996449  0.999999  1.000000  1.000000  1.000000  1.000000  1.000000  1.000000  1.000000  1.000000  1.000000  1.000000  1.000000  1.000000  1.000000  1.000000  1.000000  1.000000  1.000000
14  0.798601  0.993442  0.996267  0.996124  1.000000  0.999961  1.000000  1.000000  1.000000  0.999998  1.000000  1.000000  1.000000  1.000000  1.000000  1.000000  1.000000  1.000000  1.000000
15  0.990619  0.999992  0.999997  0.999997  1.000000  1.000000  1.000000  1.000000  1.000000  1.000000  1.000000  1.000000  1.000000  1.000000  1.000000  1.000000  1.000000  1.000000  1.000000
16  0.898898  0.998607  0.999305  0.999272  1.000000  0.999998  1.000000  1.000000  1.000000  1.000000  1.000000  1.000000  1.000000  1.000000  1.000000  1.000000  1.000000  1.000000  1.000000
17  0.854522  0.996872  0.998328  0.998257  1.000000  0.999990  1.000000  1.000000  1.000000  1.000000  1.000000  1.000000  1.000000  1.000000  1.000000  1.000000  1.000000  1.000000  1.000000
18  0.841770  0.996220  0.997947  0.997862  1.000000  0.999985  1.000000  1.000000  1.000000  1.000000  1.000000  1.000000  1.000000  1.000000  1.000000  1.000000  1.000000  1.000000  1.000000
19  0.824673  0.995228  0.997356  0.997251  1.000000  0.999978  1.000000  1.000000  1.000000  0.999999  1.000000  1.000000  1.000000  1.000000  1.000000  1.000000  1.000000  1.000000  1.000000
20  0.890867  0.998351  0.999165  0.999126  1.000000  0.999997  1.000000  1.000000  1.000000  1.000000  1.000000  1.000000  1.000000  1.000000  1.000000  1.000000  1.000000  1.000000  1.000000


Metric: F1 Score
--------------------
Pivot Table of P-Values:
          2         3         4         5         6         7         8         9         10        11        12        13        14        15        16        17        18        19        20
2   1.000000  1.000000  1.000000  0.999899  0.988953  0.893558  0.976570  0.950404  0.318988  0.880941  0.532578  0.737235  0.564950  0.486660  0.375160  0.437247  0.141934  0.229911  0.180326
3   1.000000  1.000000  1.000000  1.000000  0.999989  0.998497  0.999944  0.999717  0.847797  0.998073  0.949228  0.988109  0.958072  0.934377  0.883827  0.914843  0.645505  0.768427  0.706657
4   1.000000  1.000000  1.000000  1.000000  0.999985  0.998175  0.999926  0.999642  0.835595  0.997673  0.943455  0.986261  0.953070  0.927415  0.873522  0.906476  0.627354  0.753069  0.689616
5   0.999899  1.000000  1.000000  1.000000  1.000000  0.999999  1.000000  1.000000  0.991477  0.999998  0.998966  0.999931  0.999279  0.998320  0.994976  0.997239  0.951560  0.980212  0.967682
6   0.988953  0.999989  0.999985  1.000000  1.000000  1.000000  1.000000  1.000000  0.999937  1.000000  0.999999  1.000000  0.999999  0.999997  0.999975  0.999992  0.998600  0.999717  0.999322
7   0.893558  0.998497  0.998175  0.999999  1.000000  1.000000  1.000000  1.000000  1.000000  1.000000  1.000000  1.000000  1.000000  1.000000  1.000000  1.000000  0.999990  0.999999  0.999997
8   0.976570  0.999944  0.999926  1.000000  1.000000  1.000000  1.000000  1.000000  0.999987  1.000000  1.000000  1.000000  1.000000  1.000000  0.999996  0.999999  0.999557  0.999929  0.999806
9   0.950404  0.999717  0.999642  1.000000  1.000000  1.000000  1.000000  1.000000  0.999999  1.000000  1.000000  1.000000  1.000000  1.000000  1.000000  1.000000  0.999905  0.999989  0.999964
10  0.318988  0.847797  0.835595  0.991477  0.999937  1.000000  0.999987  0.999999  1.000000  1.000000  1.000000  1.000000  1.000000  1.000000  1.000000  1.000000  1.000000  1.000000  1.000000
11  0.880941  0.998073  0.997673  0.999998  1.000000  1.000000  1.000000  1.000000  1.000000  1.000000  1.000000  1.000000  1.000000  1.000000  1.000000  1.000000  0.999993  1.000000  0.999998
12  0.532578  0.949228  0.943455  0.998966  0.999999  1.000000  1.000000  1.000000  1.000000  1.000000  1.000000  1.000000  1.000000  1.000000  1.000000  1.000000  1.000000  1.000000  1.000000
13  0.737235  0.988109  0.986261  0.999931  1.000000  1.000000  1.000000  1.000000  1.000000  1.000000  1.000000  1.000000  1.000000  1.000000  1.000000  1.000000  1.000000  1.000000  1.000000
14  0.564950  0.958072  0.953070  0.999279  0.999999  1.000000  1.000000  1.000000  1.000000  1.000000  1.000000  1.000000  1.000000  1.000000  1.000000  1.000000  1.000000  1.000000  1.000000
15  0.486660  0.934377  0.927415  0.998320  0.999997  1.000000  1.000000  1.000000  1.000000  1.000000  1.000000  1.000000  1.000000  1.000000  1.000000  1.000000  1.000000  1.000000  1.000000
16  0.375160  0.883827  0.873522  0.994976  0.999975  1.000000  0.999996  1.000000  1.000000  1.000000  1.000000  1.000000  1.000000  1.000000  1.000000  1.000000  1.000000  1.000000  1.000000
17  0.437247  0.914843  0.906476  0.997239  0.999992  1.000000  0.999999  1.000000  1.000000  1.000000  1.000000  1.000000  1.000000  1.000000  1.000000  1.000000  1.000000  1.000000  1.000000
18  0.141934  0.645505  0.627354  0.951560  0.998600  0.999990  0.999557  0.999905  1.000000  0.999993  1.000000  1.000000  1.000000  1.000000  1.000000  1.000000  1.000000  1.000000  1.000000
19  0.229911  0.768427  0.753069  0.980212  0.999717  0.999999  0.999929  0.999989  1.000000  1.000000  1.000000  1.000000  1.000000  1.000000  1.000000  1.000000  1.000000  1.000000  1.000000
20  0.180326  0.706657  0.689616  0.967682  0.999322  0.999997  0.999806  0.999964  1.000000  0.999998  1.000000  1.000000  1.000000  1.000000  1.000000  1.000000  1.000000  1.000000  1.000000


Metric: DBI
--------------------
Pivot Table of P-Values:
          2         3         4         5         6         7         8         9         10        11        12        13        14        15        16        17        18        19        20
2   1.000000  1.000000  1.000000  1.000000  1.000000  1.000000  1.000000  1.000000  1.000000  0.999997  0.999871  0.999968  0.999644  0.999850  0.999376  0.999423  0.986570  0.994228  0.993212
3   1.000000  1.000000  0.999997  1.000000  0.999994  0.999694  0.999984  0.999941  0.999742  0.998374  0.986152  0.993665  0.975733  0.984985  0.966880  0.968281  0.826524  0.888795  0.878773
4   1.000000  0.999997  1.000000  1.000000  1.000000  1.000000  1.000000  1.000000  1.000000  1.000000  1.000000  1.000000  0.999999  1.000000  0.999998  0.999999  0.999714  0.999929  0.999908
5   1.000000  1.000000  1.000000  1.000000  1.000000  1.000000  1.000000  1.000000  1.000000  1.000000  0.999970  0.999994  0.999904  0.999964  0.999818  0.999833  0.994022  0.997714  0.997251
6   1.000000  0.999994  1.000000  1.000000  1.000000  1.000000  1.000000  1.000000  1.000000  1.000000  1.000000  1.000000  1.000000  1.000000  0.999999  0.999999  0.999845  0.999965  0.999953
7   1.000000  0.999694  1.000000  1.000000  1.000000  1.000000  1.000000  1.000000  1.000000  1.000000  1.000000  1.000000  1.000000  1.000000  1.000000  1.000000  0.999998  1.000000  1.000000
8   1.000000  0.999984  1.000000  1.000000  1.000000  1.000000  1.000000  1.000000  1.000000  1.000000  1.000000  1.000000  1.000000  1.000000  1.000000  1.000000  0.999924  0.999984  0.999979
9   1.000000  0.999941  1.000000  1.000000  1.000000  1.000000  1.000000  1.000000  1.000000  1.000000  1.000000  1.000000  1.000000  1.000000  1.000000  1.000000  0.999979  0.999997  0.999995
10  1.000000  0.999742  1.000000  1.000000  1.000000  1.000000  1.000000  1.000000  1.000000  1.000000  1.000000  1.000000  1.000000  1.000000  1.000000  1.000000  0.999997  1.000000  0.999999
11  0.999997  0.998374  1.000000  1.000000  1.000000  1.000000  1.000000  1.000000  1.000000  1.000000  1.000000  1.000000  1.000000  1.000000  1.000000  1.000000  1.000000  1.000000  1.000000
12  0.999871  0.986152  1.000000  0.999970  1.000000  1.000000  1.000000  1.000000  1.000000  1.000000  1.000000  1.000000  1.000000  1.000000  1.000000  1.000000  1.000000  1.000000  1.000000
13  0.999968  0.993665  1.000000  0.999994  1.000000  1.000000  1.000000  1.000000  1.000000  1.000000  1.000000  1.000000  1.000000  1.000000  1.000000  1.000000  1.000000  1.000000  1.000000
14  0.999644  0.975733  0.999999  0.999904  1.000000  1.000000  1.000000  1.000000  1.000000  1.000000  1.000000  1.000000  1.000000  1.000000  1.000000  1.000000  1.000000  1.000000  1.000000
15  0.999850  0.984985  1.000000  0.999964  1.000000  1.000000  1.000000  1.000000  1.000000  1.000000  1.000000  1.000000  1.000000  1.000000  1.000000  1.000000  1.000000  1.000000  1.000000
16  0.999376  0.966880  0.999998  0.999818  0.999999  1.000000  1.000000  1.000000  1.000000  1.000000  1.000000  1.000000  1.000000  1.000000  1.000000  1.000000  1.000000  1.000000  1.000000
17  0.999423  0.968281  0.999999  0.999833  0.999999  1.000000  1.000000  1.000000  1.000000  1.000000  1.000000  1.000000  1.000000  1.000000  1.000000  1.000000  1.000000  1.000000  1.000000
18  0.986570  0.826524  0.999714  0.994022  0.999845  0.999998  0.999924  0.999979  0.999997  1.000000  1.000000  1.000000  1.000000  1.000000  1.000000  1.000000  1.000000  1.000000  1.000000
19  0.994228  0.888795  0.999929  0.997714  0.999965  1.000000  0.999984  0.999997  1.000000  1.000000  1.000000  1.000000  1.000000  1.000000  1.000000  1.000000  1.000000  1.000000  1.000000
20  0.993212  0.878773  0.999908  0.997251  0.999953  1.000000  0.999979  0.999995  0.999999  1.000000  1.000000  1.000000  1.000000  1.000000  1.000000  1.000000  1.000000  1.000000  1.000000


Metric: silhouette_score
--------------------
Pivot Table of P-Values:
          2         3         4         5         6         7         8         9         10        11        12        13        14        15        16        17        18        19        20
2   1.000000  0.995877  0.988014  0.968555  0.608789  0.530988  0.794568  0.840021  0.670826  0.948879  0.991020  0.812378  0.923250  0.994933  0.997833  0.995170  0.999821  0.999984  0.999909
3   0.995877  1.000000  1.000000  1.000000  0.999997  0.999988  1.000000  1.000000  0.999999  1.000000  1.000000  1.000000  1.000000  1.000000  1.000000  1.000000  1.000000  1.000000  1.000000
4   0.988014  1.000000  1.000000  1.000000  1.000000  0.999999  1.000000  1.000000  1.000000  1.000000  1.000000  1.000000  1.000000  1.000000  1.000000  1.000000  1.000000  1.000000  1.000000
5   0.968555  1.000000  1.000000  1.000000  1.000000  1.000000  1.000000  1.000000  1.000000  1.000000  1.000000  1.000000  1.000000  1.000000  1.000000  1.000000  1.000000  1.000000  1.000000
6   0.608789  0.999997  1.000000  1.000000  1.000000  1.000000  1.000000  1.000000  1.000000  1.000000  0.999999  1.000000  1.000000  0.999998  0.999990  0.999998  0.999746  0.998351  0.999531
7   0.530988  0.999988  0.999999  1.000000  1.000000  1.000000  1.000000  1.000000  1.000000  1.000000  0.999998  1.000000  1.000000  0.999992  0.999963  0.999991  0.999346  0.996449  0.998861
8   0.794568  1.000000  1.000000  1.000000  1.000000  1.000000  1.000000  1.000000  1.000000  1.000000  1.000000  1.000000  1.000000  1.000000  1.000000  1.000000  0.999988  0.999863  0.999974
9   0.840021  1.000000  1.000000  1.000000  1.000000  1.000000  1.000000  1.000000  1.000000  1.000000  1.000000  1.000000  1.000000  1.000000  1.000000  1.000000  0.999996  0.999945  0.999991
10  0.670826  0.999999  1.000000  1.000000  1.000000  1.000000  1.000000  1.000000  1.000000  1.000000  1.000000  1.000000  1.000000  0.999999  0.999997  0.999999  0.999893  0.999178  0.999790
11  0.948879  1.000000  1.000000  1.000000  1.000000  1.000000  1.000000  1.000000  1.000000  1.000000  1.000000  1.000000  1.000000  1.000000  1.000000  1.000000  1.000000  0.999999  1.000000
12  0.991020  1.000000  1.000000  1.000000  0.999999  0.999998  1.000000  1.000000  1.000000  1.000000  1.000000  1.000000  1.000000  1.000000  1.000000  1.000000  1.000000  1.000000  1.000000
13  0.812378  1.000000  1.000000  1.000000  1.000000  1.000000  1.000000  1.000000  1.000000  1.000000  1.000000  1.000000  1.000000  1.000000  1.000000  1.000000  0.999992  0.999902  0.999982
14  0.923250  1.000000  1.000000  1.000000  1.000000  1.000000  1.000000  1.000000  1.000000  1.000000  1.000000  1.000000  1.000000  1.000000  1.000000  1.000000  1.000000  0.999996  1.000000
15  0.994933  1.000000  1.000000  1.000000  0.999998  0.999992  1.000000  1.000000  0.999999  1.000000  1.000000  1.000000  1.000000  1.000000  1.000000  1.000000  1.000000  1.000000  1.000000
16  0.997833  1.000000  1.000000  1.000000  0.999990  0.999963  1.000000  1.000000  0.999997  1.000000  1.000000  1.000000  1.000000  1.000000  1.000000  1.000000  1.000000  1.000000  1.000000
17  0.995170  1.000000  1.000000  1.000000  0.999998  0.999991  1.000000  1.000000  0.999999  1.000000  1.000000  1.000000  1.000000  1.000000  1.000000  1.000000  1.000000  1.000000  1.000000
18  0.999821  1.000000  1.000000  1.000000  0.999746  0.999346  0.999988  0.999996  0.999893  1.000000  1.000000  0.999992  1.000000  1.000000  1.000000  1.000000  1.000000  1.000000  1.000000
19  0.999984  1.000000  1.000000  1.000000  0.998351  0.996449  0.999863  0.999945  0.999178  0.999999  1.000000  0.999902  0.999996  1.000000  1.000000  1.000000  1.000000  1.000000  1.000000
20  0.999909  1.000000  1.000000  1.000000  0.999531  0.998861  0.999974  0.999991  0.999790  1.000000  1.000000  0.999982  1.000000  1.000000  1.000000  1.000000  1.000000  1.000000  1.000000


Metric: calinski_harabasz_score
--------------------
Pivot Table of P-Values:
          2         3         4         5         6         7         8         9         10        11        12        13        14        15        16        17        18        19        20
2   1.000000  0.999999  0.999483  0.999366  0.974599  0.937254  0.969098  0.980059  0.710161  0.952744  0.918865  0.710161  0.413323  0.653059  0.591532  0.495833  0.202922  0.381162  0.285374
3   0.999999  1.000000  1.000000  1.000000  0.999997  0.999965  0.999995  0.999999  0.997029  0.999984  0.999928  0.997029  0.967164  0.994749  0.991020  0.981354  0.873545  0.959470  0.925377
4   0.999483  1.000000  1.000000  1.000000  1.000000  1.000000  1.000000  1.000000  0.999984  1.000000  1.000000  0.999984  0.999045  0.999959  0.999896  0.999638  0.989882  0.998626  0.996027
5   0.999366  1.000000  1.000000  1.000000  1.000000  1.000000  1.000000  1.000000  0.999988  1.000000  1.000000  0.999988  0.999214  0.999968  0.999919  0.999709  0.991215  0.998861  0.996624
6   0.974599  0.999997  1.000000  1.000000  1.000000  1.000000  1.000000  1.000000  1.000000  1.000000  1.000000  1.000000  0.999998  1.000000  1.000000  1.000000  0.999896  0.999997  0.999980
7   0.937254  0.999965  1.000000  1.000000  1.000000  1.000000  1.000000  1.000000  1.000000  1.000000  1.000000  1.000000  1.000000  1.000000  1.000000  1.000000  0.999989  1.000000  0.999999
8   0.969098  0.999995  1.000000  1.000000  1.000000  1.000000  1.000000  1.000000  1.000000  1.000000  1.000000  1.000000  0.999999  1.000000  1.000000  1.000000  0.999932  0.999998  0.999988
9   0.980059  0.999999  1.000000  1.000000  1.000000  1.000000  1.000000  1.000000  1.000000  1.000000  1.000000  1.000000  0.999997  1.000000  1.000000  0.999999  0.999833  0.999994  0.999965
10  0.710161  0.997029  0.999984  0.999988  1.000000  1.000000  1.000000  1.000000  1.000000  1.000000  1.000000  1.000000  1.000000  1.000000  1.000000  1.000000  1.000000  1.000000  1.000000
11  0.952744  0.999984  1.000000  1.000000  1.000000  1.000000  1.000000  1.000000  1.000000  1.000000  1.000000  1.000000  1.000000  1.000000  1.000000  1.000000  0.999976  1.000000  0.999996
12  0.918865  0.999928  1.000000  1.000000  1.000000  1.000000  1.000000  1.000000  1.000000  1.000000  1.000000  1.000000  1.000000  1.000000  1.000000  1.000000  0.999996  1.000000  0.999999
13  0.710161  0.997029  0.999984  0.999988  1.000000  1.000000  1.000000  1.000000  1.000000  1.000000  1.000000  1.000000  1.000000  1.000000  1.000000  1.000000  1.000000  1.000000  1.000000
14  0.413323  0.967164  0.999045  0.999214  0.999998  1.000000  0.999999  0.999997  1.000000  1.000000  1.000000  1.000000  1.000000  1.000000  1.000000  1.000000  1.000000  1.000000  1.000000
15  0.653059  0.994749  0.999959  0.999968  1.000000  1.000000  1.000000  1.000000  1.000000  1.000000  1.000000  1.000000  1.000000  1.000000  1.000000  1.000000  1.000000  1.000000  1.000000
16  0.591532  0.991020  0.999896  0.999919  1.000000  1.000000  1.000000  1.000000  1.000000  1.000000  1.000000  1.000000  1.000000  1.000000  1.000000  1.000000  1.000000  1.000000  1.000000
17  0.495833  0.981354  0.999638  0.999709  1.000000  1.000000  1.000000  0.999999  1.000000  1.000000  1.000000  1.000000  1.000000  1.000000  1.000000  1.000000  1.000000  1.000000  1.000000
18  0.202922  0.873545  0.989882  0.991215  0.999896  0.999989  0.999932  0.999833  1.000000  0.999976  0.999996  1.000000  1.000000  1.000000  1.000000  1.000000  1.000000  1.000000  1.000000
19  0.381162  0.959470  0.998626  0.998861  0.999997  1.000000  0.999998  0.999994  1.000000  1.000000  1.000000  1.000000  1.000000  1.000000  1.000000  1.000000  1.000000  1.000000  1.000000
20  0.285374  0.925377  0.996027  0.996624  0.999980  0.999999  0.999988  0.999965  1.000000  0.999996  0.999999  1.000000  1.000000  1.000000  1.000000  1.000000  1.000000  1.000000  1.000000


Metric: Time
--------------------
Pivot Table of P-Values:
          2         3         4         5         6         7         8         9         10        11        12        13        14        15        16        17        18        19        20
2   1.000000  1.000000  1.000000  1.000000  0.999998  0.999965  0.998633  0.992019  0.953534  0.830732  0.668258  0.477393  0.280596  0.130531  0.067154  0.036173  0.013571  0.007453  0.003592
3   1.000000  1.000000  1.000000  1.000000  1.000000  0.999996  0.999679  0.997439  0.979461  0.902993  0.777711  0.603606  0.393243  0.205569  0.115006  0.066341  0.027382  0.015846  0.008101
4   1.000000  1.000000  1.000000  1.000000  1.000000  1.000000  0.999996  0.999911  0.998193  0.982383  0.937815  0.843133  0.673277  0.450697  0.303106  0.203732  0.104287  0.067974  0.039761
5   1.000000  1.000000  1.000000  1.000000  1.000000  1.000000  1.000000  0.999999  0.999934  0.998336  0.989851  0.960484  0.878373  0.714781  0.563601  0.434825  0.271844  0.198286  0.131890
6   0.999998  1.000000  1.000000  1.000000  1.000000  1.000000  1.000000  1.000000  0.999992  0.999639  0.996891  0.984188  0.938273  0.822461  0.694302  0.570308  0.391964  0.301960  0.213960
7   0.999965  0.999996  1.000000  1.000000  1.000000  1.000000  1.000000  1.000000  1.000000  0.999968  0.999517  0.996290  0.979267  0.919035  0.833437  0.734658  0.564943  0.465348  0.356767
8   0.998633  0.999679  0.999996  1.000000  1.000000  1.000000  1.000000  1.000000  1.000000  1.000000  0.999992  0.999850  0.998193  0.986677  0.960484  0.918477  0.817766  0.740382  0.637625
9   0.992019  0.997439  0.999911  0.999999  1.000000  1.000000  1.000000  1.000000  1.000000  1.000000  1.000000  0.999992  0.999794  0.997371  0.989409  0.972932  0.921785  0.873902  0.800282
10  0.953534  0.979461  0.998193  0.999934  0.999992  1.000000  1.000000  1.000000  1.000000  1.000000  1.000000  1.000000  0.999996  0.999850  0.998976  0.996244  0.983388  0.967169  0.935956
11  0.830732  0.902993  0.982383  0.998336  0.999639  0.999968  1.000000  1.000000  1.000000  1.000000  1.000000  1.000000  1.000000  0.999998  0.999967  0.999794  0.998336  0.995646  0.988715
12  0.668258  0.777711  0.937815  0.989851  0.996891  0.999517  0.999992  1.000000  1.000000  1.000000  1.000000  1.000000  1.000000  1.000000  0.999999  0.999989  0.999839  0.999442  0.998091
13  0.477393  0.603606  0.843133  0.960484  0.984188  0.996290  0.999850  0.999992  1.000000  1.000000  1.000000  1.000000  1.000000  1.000000  1.000000  1.000000  0.999992  0.999958  0.999794
14  0.280596  0.393243  0.673277  0.878373  0.938273  0.979267  0.998193  0.999794  0.999996  1.000000  1.000000  1.000000  1.000000  1.000000  1.000000  1.000000  1.000000  0.999999  0.999992
15  0.130531  0.205569  0.450697  0.714781  0.822461  0.919035  0.986677  0.997371  0.999850  0.999998  1.000000  1.000000  1.000000  1.000000  1.000000  1.000000  1.000000  1.000000  1.000000
16  0.067154  0.115006  0.303106  0.563601  0.694302  0.833437  0.960484  0.989409  0.998976  0.999967  0.999999  1.000000  1.000000  1.000000  1.000000  1.000000  1.000000  1.000000  1.000000
17  0.036173  0.066341  0.203732  0.434825  0.570308  0.734658  0.918477  0.972932  0.996244  0.999794  0.999989  1.000000  1.000000  1.000000  1.000000  1.000000  1.000000  1.000000  1.000000
18  0.013571  0.027382  0.104287  0.271844  0.391964  0.564943  0.817766  0.921785  0.983388  0.998336  0.999839  0.999992  1.000000  1.000000  1.000000  1.000000  1.000000  1.000000  1.000000
19  0.007453  0.015846  0.067974  0.198286  0.301960  0.465348  0.740382  0.873902  0.967169  0.995646  0.999442  0.999958  0.999999  1.000000  1.000000  1.000000  1.000000  1.000000  1.000000
20  0.003592  0.008101  0.039761  0.131890  0.213960  0.356767  0.637625  0.800282  0.935956  0.988715  0.998091  0.999794  0.999992  1.000000  1.000000  1.000000  1.000000  1.000000  1.000000

