Statistical Analysis Report for Parameter: k
==================================================

FRIEDMAN TEST RESULTS
--------------------
Metric               Statistic       P-Value         Significant    
-----------------------------------------------------------------
E                    364.0063        0.0000          True           
ARI                  236.3389        0.0000          True           
F1 Score             309.7591        0.0000          True           
DBI                  247.0568        0.0000          True           
silhouette_score     122.7284        0.0000          True           
calinski_harabasz_score 391.8842        0.0000          True           
Time                 351.1037        0.0000          True           


POST-HOC TEST RESULTS
==============================

Metric: E
--------------------
Pivot Table of P-Values:
          2         3         4         5         6         7         8         9         10        11        12        13        14        15        16        17        18        19        20
2   1.000000  1.000000  1.000000  1.000000  1.000000  1.000000  0.999988  0.999998  0.999633  0.999684  0.962192  0.939062  0.915811  0.550525  0.589351  0.174289  0.192307  0.074749  0.051093
3   1.000000  1.000000  1.000000  1.000000  1.000000  1.000000  0.999997  1.000000  0.999876  0.999895  0.978181  0.962708  0.946322  0.633110  0.670135  0.230827  0.252213  0.106637  0.075042
4   1.000000  1.000000  1.000000  1.000000  1.000000  1.000000  1.000000  1.000000  0.999999  0.999999  0.997788  0.995231  0.991933  0.854983  0.877638  0.474665  0.503000  0.277921  0.214896
5   1.000000  1.000000  1.000000  1.000000  1.000000  1.000000  1.000000  1.000000  1.000000  1.000000  0.999580  0.998931  0.997976  0.929454  0.942991  0.625397  0.652616  0.414132  0.336775
6   1.000000  1.000000  1.000000  1.000000  1.000000  1.000000  1.000000  1.000000  1.000000  1.000000  0.999837  0.999544  0.999078  0.953584  0.963371  0.695613  0.720869  0.487704  0.406233
7   1.000000  1.000000  1.000000  1.000000  1.000000  1.000000  1.000000  1.000000  1.000000  1.000000  0.999969  0.999897  0.999767  0.977843  0.983207  0.792081  0.812937  0.602896  0.520325
8   0.999988  0.999997  1.000000  1.000000  1.000000  1.000000  1.000000  1.000000  1.000000  1.000000  1.000000  0.999998  0.999993  0.996566  0.997638  0.924518  0.935093  0.804936  0.739380
9   0.999998  1.000000  1.000000  1.000000  1.000000  1.000000  1.000000  1.000000  1.000000  1.000000  0.999996  0.999982  0.999953  0.990677  0.993249  0.869177  0.884797  0.711700  0.634818
10  0.999633  0.999876  0.999999  1.000000  1.000000  1.000000  1.000000  1.000000  1.000000  1.000000  1.000000  1.000000  1.000000  0.999739  0.999843  0.982432  0.985747  0.933039  0.898049
11  0.999684  0.999895  0.999999  1.000000  1.000000  1.000000  1.000000  1.000000  1.000000  1.000000  1.000000  1.000000  1.000000  0.999696  0.999815  0.980827  0.984392  0.928536  0.892008
12  0.962192  0.978181  0.997788  0.999580  0.999837  0.999969  1.000000  0.999996  1.000000  1.000000  1.000000  1.000000  1.000000  1.000000  1.000000  0.999919  0.999946  0.998857  0.997334
13  0.939062  0.962708  0.995231  0.998931  0.999544  0.999897  0.999998  0.999982  1.000000  1.000000  1.000000  1.000000  1.000000  1.000000  1.000000  0.999976  0.999985  0.999547  0.998841
14  0.915811  0.946322  0.991933  0.997976  0.999078  0.999767  0.999993  0.999953  1.000000  1.000000  1.000000  1.000000  1.000000  1.000000  1.000000  0.999991  0.999995  0.999789  0.999415
15  0.550525  0.633110  0.854983  0.929454  0.953584  0.977843  0.996566  0.990677  0.999739  0.999696  1.000000  1.000000  1.000000  1.000000  1.000000  1.000000  1.000000  1.000000  1.000000
16  0.589351  0.670135  0.877638  0.942991  0.963371  0.983207  0.997638  0.993249  0.999843  0.999815  1.000000  1.000000  1.000000  1.000000  1.000000  1.000000  1.000000  1.000000  0.999999
17  0.174289  0.230827  0.474665  0.625397  0.695613  0.792081  0.924518  0.869177  0.982432  0.980827  0.999919  0.999976  0.999991  1.000000  1.000000  1.000000  1.000000  1.000000  1.000000
18  0.192307  0.252213  0.503000  0.652616  0.720869  0.812937  0.935093  0.884797  0.985747  0.984392  0.999946  0.999985  0.999995  1.000000  1.000000  1.000000  1.000000  1.000000  1.000000
19  0.074749  0.106637  0.277921  0.414132  0.487704  0.602896  0.804936  0.711700  0.933039  0.928536  0.998857  0.999547  0.999789  1.000000  1.000000  1.000000  1.000000  1.000000  1.000000
20  0.051093  0.075042  0.214896  0.336775  0.406233  0.520325  0.739380  0.634818  0.898049  0.892008  0.997334  0.998841  0.999415  1.000000  0.999999  1.000000  1.000000  1.000000  1.000000

Metric Averages:
 k     Average  Standard Deviation
 2 1523.751146         1146.690901
 3 1371.608900          955.314042
 4 1227.825537          830.489898
 5 1138.058864          748.825642
 6 1056.766404          659.226946
 7 1000.691484          609.112324
 8  935.391914          561.555435
 9  935.221438          547.904541
10  872.510103          508.613075
11  876.880417          510.818877
12  791.925486          449.037718
13  782.541521          447.906301
14  783.844144          457.607441
15  720.638496          409.460702
16  736.453686          429.972148
17  672.369212          383.547578
18  680.697748          400.440116
19  646.357078          378.342128
20  628.260519          364.873074


Metric: ARI
--------------------
Pivot Table of P-Values:
              2         3         4         5         6         7         8         9         10        11        12        13        14            15        16        17        18            19            20
2   1.000000e+00  0.999998  0.979169  0.319131  0.528547  0.348366  0.081252  0.032424  0.042018  0.014252  0.000563  0.000418  0.000767  6.026370e-07  0.000061  0.000006  0.000020  2.552059e-08  8.599817e-08
3   9.999978e-01  1.000000  0.999999  0.955791  0.990321  0.963824  0.743125  0.561598  0.612452  0.412207  0.084906  0.071867  0.100619  1.103442e-03  0.023090  0.005073  0.011598  1.167806e-04  2.802163e-04
4   9.791694e-01  0.999999  1.000000  0.999983  1.000000  0.999990  0.997617  0.987156  0.991449  0.963573  0.691386  0.655975  0.727230  9.242140e-02  0.428760  0.211175  0.316040  2.376342e-02  4.101691e-02
5   3.191308e-01  0.955791  0.999983  1.000000  1.000000  1.000000  1.000000  1.000000  1.000000  1.000000  0.999381  0.999049  0.999616  8.508749e-01  0.991480  0.950021  0.978647  6.180743e-01  7.163978e-01
6   5.285466e-01  0.990321  1.000000  1.000000  1.000000  1.000000  1.000000  0.999999  1.000000  0.999983  0.994411  0.992266  0.996107  6.793929e-01  0.959800  0.852115  0.920521  4.019829e-01  5.058857e-01
7   3.483663e-01  0.963824  0.999990  1.000000  1.000000  1.000000  1.000000  1.000000  1.000000  0.999999  0.999103  0.998645  0.999433  8.295664e-01  0.988919  0.939805  0.973294  5.858416e-01  6.869340e-01
8   8.125153e-02  0.743125  0.997617  1.000000  1.000000  1.000000  1.000000  1.000000  1.000000  1.000000  0.999998  0.999996  0.999999  9.832065e-01  0.999861  0.997391  0.999365  9.072259e-01  9.469971e-01
9   3.242441e-02  0.561598  0.987156  1.000000  0.999999  1.000000  1.000000  1.000000  1.000000  1.000000  1.000000  1.000000  1.000000  9.966363e-01  0.999993  0.999692  0.999950  9.690198e-01  9.851190e-01
10  4.201751e-02  0.612452  0.991449  1.000000  1.000000  1.000000  1.000000  1.000000  1.000000  1.000000  1.000000  1.000000  1.000000  9.946343e-01  0.999983  0.999427  0.999895  9.572931e-01  9.784481e-01
11  1.425222e-02  0.412207  0.963573  1.000000  0.999983  0.999999  1.000000  1.000000  1.000000  1.000000  1.000000  1.000000  1.000000  9.992918e-01  1.000000  0.999961  0.999996  9.894657e-01  9.956921e-01
12  5.629902e-04  0.084906  0.691386  0.999381  0.994411  0.999103  0.999998  1.000000  1.000000  1.000000  1.000000  1.000000  1.000000  9.999997e-01  1.000000  1.000000  1.000000  9.999436e-01  9.999894e-01
13  4.180384e-04  0.071867  0.655975  0.999049  0.992266  0.998645  0.999996  1.000000  1.000000  1.000000  1.000000  1.000000  1.000000  9.999999e-01  1.000000  1.000000  1.000000  9.999683e-01  9.999945e-01
14  7.665430e-04  0.100619  0.727230  0.999616  0.996107  0.999433  0.999999  1.000000  1.000000  1.000000  1.000000  1.000000  1.000000  9.999992e-01  1.000000  1.000000  1.000000  9.998996e-01  9.999793e-01
15  6.026370e-07  0.001103  0.092421  0.850875  0.679393  0.829566  0.983207  0.996636  0.994634  0.999292  1.000000  1.000000  0.999999  1.000000e+00  1.000000  1.000000  1.000000  1.000000e+00  1.000000e+00
16  6.130522e-05  0.023090  0.428760  0.991480  0.959800  0.988919  0.999861  0.999993  0.999983  1.000000  1.000000  1.000000  1.000000  1.000000e+00  1.000000  1.000000  1.000000  9.999995e-01  1.000000e+00
17  5.728111e-06  0.005073  0.211175  0.950021  0.852115  0.939805  0.997391  0.999692  0.999427  0.999961  1.000000  1.000000  1.000000  1.000000e+00  1.000000  1.000000  1.000000  1.000000e+00  1.000000e+00
18  2.044933e-05  0.011598  0.316040  0.978647  0.920521  0.973294  0.999365  0.999950  0.999895  0.999996  1.000000  1.000000  1.000000  1.000000e+00  1.000000  1.000000  1.000000  1.000000e+00  1.000000e+00
19  2.552059e-08  0.000117  0.023763  0.618074  0.401983  0.585842  0.907226  0.969020  0.957293  0.989466  0.999944  0.999968  0.999900  1.000000e+00  1.000000  1.000000  1.000000  1.000000e+00  1.000000e+00
20  8.599817e-08  0.000280  0.041017  0.716398  0.505886  0.686934  0.946997  0.985119  0.978448  0.995692  0.999989  0.999995  0.999979  1.000000e+00  1.000000  1.000000  1.000000  1.000000e+00  1.000000e+00

Metric Averages:
 k  Average  Standard Deviation
 2 0.267822            0.056967
 3 0.201580            0.067970
 4 0.169928            0.091441
 5 0.127093            0.074540
 6 0.126072            0.062273
 7 0.119328            0.065624
 8 0.098637            0.039019
 9 0.106401            0.078459
10 0.102386            0.064972
11 0.095949            0.060616
12 0.082777            0.055837
13 0.085757            0.063752
14 0.097193            0.084395
15 0.066717            0.053889
16 0.082396            0.065444
17 0.074743            0.063821
18 0.083493            0.072154
19 0.066570            0.062451
20 0.073119            0.076097


Metric: F1 Score
--------------------
Pivot Table of P-Values:
              2             3             4             5         6         7         8         9         10        11        12        13        14        15            16        17            18            19            20
2   1.000000e+00  9.999996e-01  9.999845e-01  9.963761e-01  0.490802  0.184562  0.016325  0.000030  0.000105  0.000091  0.000607  0.000012  0.000014  0.000105  5.179621e-07  0.000002  1.685047e-13  4.132621e-10  1.201887e-14
3   9.999996e-01  1.000000e+00  1.000000e+00  1.000000e+00  0.976627  0.840147  0.358080  0.009201  0.020834  0.018911  0.061832  0.004810  0.005566  0.020834  5.365547e-04  0.001159  4.691291e-09  2.431645e-06  5.362628e-10
4   9.999845e-01  1.000000e+00  1.000000e+00  1.000000e+00  0.994769  0.935560  0.545643  0.027388  0.055386  0.050985  0.138217  0.015541  0.017664  0.055386  2.207570e-03  0.004403  4.590393e-08  1.582286e-05  5.936161e-09
5   9.963761e-01  1.000000e+00  1.000000e+00  1.000000e+00  0.999970  0.997490  0.895879  0.184562  0.288689  0.274317  0.490137  0.126406  0.137869  0.288689  3.140184e-02  0.052071  4.896457e-06  6.541116e-04  8.427664e-07
6   4.908019e-01  9.766272e-01  9.947685e-01  9.999703e-01  1.000000  1.000000  0.999994  0.948656  0.979104  0.976414  0.996354  0.910808  0.920430  0.979104  7.008132e-01  0.786165  1.173511e-02  1.663731e-01  3.974689e-03
7   1.845617e-01  8.401471e-01  9.355599e-01  9.974900e-01  1.000000  1.000000  1.000000  0.996376  0.999140  0.998957  0.999946  0.991118  0.992629  0.999140  9.310995e-01  0.961670  7.445552e-02  4.614552e-01  3.260928e-02
8   1.632491e-02  3.580804e-01  5.456433e-01  8.958787e-01  0.999994  1.000000  1.000000  0.999997  1.000000  1.000000  1.000000  0.999982  0.999988  1.000000  9.989208e-01  0.999669  4.343863e-01  9.008217e-01  2.777384e-01
9   3.024017e-05  9.201087e-03  2.738847e-02  1.845617e-01  0.948656  0.996376  0.999997  1.000000  1.000000  1.000000  1.000000  1.000000  1.000000  1.000000  1.000000e+00  1.000000  9.824322e-01  9.999534e-01  9.465246e-01
10  1.052434e-04  2.083415e-02  5.538606e-02  2.886890e-01  0.979104  0.999140  1.000000  1.000000  1.000000  1.000000  1.000000  1.000000  1.000000  1.000000  1.000000e+00  1.000000  9.554970e-01  9.996804e-01  8.891831e-01
11  9.054846e-05  1.891092e-02  5.098480e-02  2.743171e-01  0.976414  0.998957  1.000000  1.000000  1.000000  1.000000  1.000000  1.000000  1.000000  1.000000  1.000000e+00  1.000000  9.599625e-01  9.997435e-01  8.979403e-01
12  6.069499e-04  6.183234e-02  1.382170e-01  4.901374e-01  0.996354  0.999946  1.000000  1.000000  1.000000  1.000000  1.000000  1.000000  1.000000  1.000000  9.999994e-01  1.000000  8.655854e-01  9.966918e-01  7.414410e-01
13  1.158140e-05  4.809542e-03  1.554076e-02  1.264060e-01  0.910808  0.991118  0.999982  1.000000  1.000000  1.000000  1.000000  1.000000  1.000000  1.000000  1.000000e+00  1.000000  9.920938e-01  9.999911e-01  9.715946e-01
14  1.434614e-05  5.565859e-03  1.766446e-02  1.378690e-01  0.920430  0.992629  0.999988  1.000000  1.000000  1.000000  1.000000  1.000000  1.000000  1.000000  1.000000e+00  1.000000  9.904919e-01  9.999869e-01  9.671099e-01
15  1.052434e-04  2.083415e-02  5.538606e-02  2.886890e-01  0.979104  0.999140  1.000000  1.000000  1.000000  1.000000  1.000000  1.000000  1.000000  1.000000  1.000000e+00  1.000000  9.554970e-01  9.996804e-01  8.891831e-01
16  5.179621e-07  5.365547e-04  2.207570e-03  3.140184e-02  0.700813  0.931100  0.998921  1.000000  1.000000  1.000000  0.999999  1.000000  1.000000  1.000000  1.000000e+00  1.000000  9.996521e-01  1.000000e+00  9.976638e-01
17  1.511291e-06  1.158745e-03  4.402860e-03  5.207116e-02  0.786165  0.961670  0.999669  1.000000  1.000000  1.000000  1.000000  1.000000  1.000000  1.000000  1.000000e+00  1.000000  9.988733e-01  9.999999e-01  9.940098e-01
18  1.685047e-13  4.691291e-09  4.590393e-08  4.896457e-06  0.011735  0.074456  0.434386  0.982432  0.955497  0.959963  0.865585  0.992094  0.990492  0.955497  9.996521e-01  0.998873  1.000000e+00  1.000000e+00  1.000000e+00
19  4.132621e-10  2.431645e-06  1.582286e-05  6.541116e-04  0.166373  0.461455  0.900822  0.999953  0.999680  0.999744  0.996692  0.999991  0.999987  0.999680  1.000000e+00  1.000000  1.000000e+00  1.000000e+00  9.999997e-01
20  1.201887e-14  5.362628e-10  5.936161e-09  8.427664e-07  0.003975  0.032609  0.277738  0.946525  0.889183  0.897940  0.741441  0.971595  0.967110  0.889183  9.976638e-01  0.994010  1.000000e+00  9.999997e-01  1.000000e+00

Metric Averages:
 k  Average  Standard Deviation
 2 0.410339            0.251600
 3 0.232120            0.164351
 4 0.134099            0.050674
 5 0.108170            0.056201
 6 0.072079            0.047927
 7 0.063311            0.061011
 8 0.051548            0.055843
 9 0.029555            0.027610
10 0.032899            0.033793
11 0.033539            0.041523
12 0.034351            0.029236
13 0.027907            0.025304
14 0.031172            0.035122
15 0.034521            0.038343
16 0.025662            0.024196
17 0.030720            0.037551
18 0.013420            0.017624
19 0.018260            0.018793
20 0.012958            0.022796


Metric: DBI
--------------------
Pivot Table of P-Values:
          2         3         4         5         6         7         8         9         10        11        12        13        14        15        16        17        18        19        20
2   1.000000  1.000000  0.999996  1.000000  1.000000  1.000000  1.000000  1.000000  1.000000  0.999818  0.999970  0.999129  0.969285  0.991005  0.941559  0.690982  0.548751  0.624537  0.121576
3   1.000000  1.000000  1.000000  1.000000  1.000000  1.000000  0.999991  0.999643  0.999688  0.947732  0.976450  0.897185  0.571318  0.730291  0.464534  0.144829  0.079855  0.110138  0.004467
4   0.999996  1.000000  1.000000  1.000000  1.000000  0.999995  0.999715  0.995735  0.996146  0.837104  0.907629  0.739380  0.343149  0.506108  0.253243  0.053849  0.025703  0.038218  0.000862
5   1.000000  1.000000  1.000000  1.000000  1.000000  1.000000  0.999978  0.999328  0.999409  0.929868  0.966548  0.868923  0.518103  0.682866  0.412420  0.118015  0.062975  0.088352  0.003134
6   1.000000  1.000000  1.000000  1.000000  1.000000  1.000000  1.000000  0.999999  1.000000  0.997334  0.999299  0.991557  0.886774  0.953218  0.821826  0.459043  0.320488  0.390578  0.042618
7   1.000000  1.000000  0.999995  1.000000  1.000000  1.000000  1.000000  1.000000  1.000000  0.999854  0.999977  0.999279  0.972495  0.992166  0.946863  0.706179  0.565577  0.640779  0.129816
8   1.000000  0.999991  0.999715  0.999978  1.000000  1.000000  1.000000  1.000000  1.000000  0.999998  1.000000  0.999980  0.996636  0.999427  0.991418  0.893457  0.802336  0.854167  0.311813
9   1.000000  0.999643  0.995735  0.999328  0.999999  1.000000  1.000000  1.000000  1.000000  1.000000  1.000000  1.000000  0.999795  0.999982  0.999250  0.974534  0.937558  0.959963  0.554071
10  1.000000  0.999688  0.996146  0.999409  1.000000  1.000000  1.000000  1.000000  1.000000  1.000000  1.000000  1.000000  0.999763  0.999979  0.999150  0.972576  0.933676  0.957179  0.542983
11  0.999818  0.947732  0.837104  0.929868  0.997334  0.999854  0.999998  1.000000  1.000000  1.000000  1.000000  1.000000  1.000000  1.000000  1.000000  0.999923  0.999477  0.999798  0.952604
12  0.999970  0.976450  0.907629  0.966548  0.999299  0.999977  1.000000  1.000000  1.000000  1.000000  1.000000  1.000000  1.000000  1.000000  0.999999  0.999589  0.997921  0.999071  0.906213
13  0.999129  0.897185  0.739380  0.868923  0.991557  0.999279  0.999980  1.000000  1.000000  1.000000  1.000000  1.000000  1.000000  1.000000  1.000000  0.999990  0.999900  0.999968  0.979363
14  0.969285  0.571318  0.343149  0.518103  0.886774  0.972495  0.996636  0.999795  0.999763  1.000000  1.000000  1.000000  1.000000  1.000000  1.000000  1.000000  1.000000  1.000000  0.999559
15  0.991005  0.730291  0.506108  0.682866  0.953218  0.992166  0.999427  0.999982  0.999979  1.000000  1.000000  1.000000  1.000000  1.000000  1.000000  1.000000  0.999998  1.000000  0.997276
16  0.941559  0.464534  0.253243  0.412420  0.821826  0.946863  0.991418  0.999250  0.999150  1.000000  0.999999  1.000000  1.000000  1.000000  1.000000  1.000000  1.000000  1.000000  0.999889
17  0.690982  0.144829  0.053849  0.118015  0.459043  0.706179  0.893457  0.974534  0.972576  0.999923  0.999589  0.999990  1.000000  1.000000  1.000000  1.000000  1.000000  1.000000  1.000000
18  0.548751  0.079855  0.025703  0.062975  0.320488  0.565577  0.802336  0.937558  0.933676  0.999477  0.997921  0.999900  1.000000  0.999998  1.000000  1.000000  1.000000  1.000000  1.000000
19  0.624537  0.110138  0.038218  0.088352  0.390578  0.640779  0.854167  0.959963  0.957179  0.999798  0.999071  0.999968  1.000000  1.000000  1.000000  1.000000  1.000000  1.000000  1.000000
20  0.121576  0.004467  0.000862  0.003134  0.042618  0.129816  0.311813  0.554071  0.542983  0.952604  0.906213  0.979363  0.999559  0.997276  0.999889  1.000000  1.000000  1.000000  1.000000

Metric Averages:
 k  Average  Standard Deviation
 2 2.037270            0.076802
 3 2.152413            0.215598
 4 2.210077            0.243859
 5 2.211784            0.316558
 6 2.126249            0.274251
 7 2.113803            0.338152
 8 2.029094            0.216730
 9 2.011416            0.294339
10 2.070867            0.437021
11 1.946450            0.339580
12 2.006695            0.439343
13 1.896469            0.257182
14 1.873450            0.343128
15 1.909405            0.386392
16 1.864145            0.370043
17 1.835855            0.425426
18 1.771092            0.291273
19 1.844012            0.475123
20 1.735726            0.393402


Metric: silhouette_score
--------------------
Pivot Table of P-Values:
          2         3         4         5         6         7         8         9         10        11        12        13        14        15        16        17        18        19        20
2   1.000000  0.151163  0.001714  0.000173  0.004051  0.000013  0.000058  0.000036  0.000062  0.000350  0.000096  0.000004  0.009762  0.003928  0.002355  0.017908  0.014417  0.026880  0.009276
3   0.151163  1.000000  0.999998  0.999784  1.000000  0.994999  0.999011  0.998239  0.999094  0.999934  0.999486  0.986849  1.000000  1.000000  0.999999  1.000000  1.000000  1.000000  1.000000
4   0.001714  0.999998  1.000000  1.000000  1.000000  1.000000  1.000000  1.000000  1.000000  1.000000  1.000000  1.000000  1.000000  1.000000  1.000000  1.000000  1.000000  1.000000  1.000000
5   0.000173  0.999784  1.000000  1.000000  1.000000  1.000000  1.000000  1.000000  1.000000  1.000000  1.000000  1.000000  1.000000  1.000000  1.000000  1.000000  1.000000  1.000000  1.000000
6   0.004051  1.000000  1.000000  1.000000  1.000000  1.000000  1.000000  1.000000  1.000000  1.000000  1.000000  0.999998  1.000000  1.000000  1.000000  1.000000  1.000000  1.000000  1.000000
7   0.000013  0.994999  1.000000  1.000000  1.000000  1.000000  1.000000  1.000000  1.000000  1.000000  1.000000  1.000000  0.999997  1.000000  1.000000  0.999981  0.999990  0.999939  0.999997
8   0.000058  0.999011  1.000000  1.000000  1.000000  1.000000  1.000000  1.000000  1.000000  1.000000  1.000000  1.000000  1.000000  1.000000  1.000000  0.999999  1.000000  0.999996  1.000000
9   0.000036  0.998239  1.000000  1.000000  1.000000  1.000000  1.000000  1.000000  1.000000  1.000000  1.000000  1.000000  1.000000  1.000000  1.000000  0.999997  0.999999  0.999989  1.000000
10  0.000062  0.999094  1.000000  1.000000  1.000000  1.000000  1.000000  1.000000  1.000000  1.000000  1.000000  1.000000  1.000000  1.000000  1.000000  0.999999  1.000000  0.999996  1.000000
11  0.000350  0.999934  1.000000  1.000000  1.000000  1.000000  1.000000  1.000000  1.000000  1.000000  1.000000  1.000000  1.000000  1.000000  1.000000  1.000000  1.000000  1.000000  1.000000
12  0.000096  0.999486  1.000000  1.000000  1.000000  1.000000  1.000000  1.000000  1.000000  1.000000  1.000000  1.000000  1.000000  1.000000  1.000000  1.000000  1.000000  0.999999  1.000000
13  0.000004  0.986849  1.000000  1.000000  0.999998  1.000000  1.000000  1.000000  1.000000  1.000000  1.000000  1.000000  0.999976  0.999998  1.000000  0.999889  0.999935  0.999703  0.999979
14  0.009762  1.000000  1.000000  1.000000  1.000000  0.999997  1.000000  1.000000  1.000000  1.000000  1.000000  0.999976  1.000000  1.000000  1.000000  1.000000  1.000000  1.000000  1.000000
15  0.003928  1.000000  1.000000  1.000000  1.000000  1.000000  1.000000  1.000000  1.000000  1.000000  1.000000  0.999998  1.000000  1.000000  1.000000  1.000000  1.000000  1.000000  1.000000
16  0.002355  0.999999  1.000000  1.000000  1.000000  1.000000  1.000000  1.000000  1.000000  1.000000  1.000000  1.000000  1.000000  1.000000  1.000000  1.000000  1.000000  1.000000  1.000000
17  0.017908  1.000000  1.000000  1.000000  1.000000  0.999981  0.999999  0.999997  0.999999  1.000000  1.000000  0.999889  1.000000  1.000000  1.000000  1.000000  1.000000  1.000000  1.000000
18  0.014417  1.000000  1.000000  1.000000  1.000000  0.999990  1.000000  0.999999  1.000000  1.000000  1.000000  0.999935  1.000000  1.000000  1.000000  1.000000  1.000000  1.000000  1.000000
19  0.026880  1.000000  1.000000  1.000000  1.000000  0.999939  0.999996  0.999989  0.999996  1.000000  0.999999  0.999703  1.000000  1.000000  1.000000  1.000000  1.000000  1.000000  1.000000
20  0.009276  1.000000  1.000000  1.000000  1.000000  0.999997  1.000000  1.000000  1.000000  1.000000  1.000000  0.999979  1.000000  1.000000  1.000000  1.000000  1.000000  1.000000  1.000000

Metric Averages:
 k  Average  Standard Deviation
 2 0.201614            0.009451
 3 0.146949            0.066678
 4 0.138615            0.056347
 5 0.139337            0.045854
 6 0.139572            0.057181
 7 0.130366            0.060202
 8 0.123019            0.069798
 9 0.138794            0.041687
10 0.126834            0.062911
11 0.136400            0.058654
12 0.129287            0.062740
13 0.117928            0.072730
14 0.137099            0.067770
15 0.137738            0.053787
16 0.136084            0.058816
17 0.131589            0.073135
18 0.139386            0.059113
19 0.133165            0.069505
20 0.141204            0.050576


Metric: calinski_harabasz_score
--------------------
Pivot Table of P-Values:
              2             3             4             5         6         7         8         9         10        11        12            13        14            15            16            17            18            19            20
2   1.000000e+00  9.991627e-01  9.834225e-01  9.890720e-01  0.854711  0.590665  0.056960  0.147486  0.012381  0.000700  0.000040  1.375881e-08  0.000002  5.376416e-08  7.834583e-12  3.077237e-12  1.149154e-14  4.301147e-15  2.079649e-17
3   9.991627e-01  1.000000e+00  1.000000e+00  1.000000e+00  1.000000  0.999943  0.936795  0.985315  0.772145  0.368729  0.122212  1.813776e-03  0.030268  4.033554e-03  1.569241e-05  8.369499e-06  1.731657e-07  8.599839e-08  1.785026e-09
4   9.834225e-01  1.000000e+00  1.000000e+00  1.000000e+00  1.000000  1.000000  0.993425  0.999304  0.948984  0.688151  0.354021  1.486553e-02  0.132951  2.823369e-02  2.752368e-04  1.598561e-04  5.319889e-06  2.856970e-06  8.862492e-08
5   9.890720e-01  1.000000e+00  1.000000e+00  1.000000e+00  1.000000  1.000000  0.989667  0.998725  0.930773  0.636524  0.305334  1.077235e-02  0.107021  2.101283e-02  1.753274e-04  1.003689e-04  3.081809e-06  1.633266e-06  4.733482e-08
6   8.547112e-01  9.999998e-01  1.000000e+00  1.000000e+00  1.000000  1.000000  0.999903  0.999998  0.997182  0.935249  0.723382  9.879154e-02  0.427033  1.556596e-01  4.545915e-03  2.924633e-03  1.721245e-04  1.015199e-04  5.092955e-06
7   5.906652e-01  9.999425e-01  9.999999e-01  9.999996e-01  1.000000  1.000000  1.000000  1.000000  0.999935  0.992533  0.925387  2.981708e-01  0.732957  4.038940e-01  2.937161e-02  2.060726e-02  1.967759e-03  1.256741e-03  9.479717e-05
8   5.695991e-02  9.367950e-01  9.934248e-01  9.896671e-01  0.999903  1.000000  1.000000  1.000000  1.000000  1.000000  0.999910  9.187893e-01  0.996867  9.575207e-01  4.570694e-01  3.928929e-01  1.198906e-01  9.294002e-02  1.900484e-02
9   1.474857e-01  9.853146e-01  9.993042e-01  9.987253e-01  0.999998  1.000000  1.000000  1.000000  1.000000  0.999985  0.998574  7.839481e-01  0.979808  8.635067e-01  2.528992e-01  2.047618e-01  4.398389e-02  3.212960e-02  4.830511e-03
10  1.238112e-02  7.721448e-01  9.489842e-01  9.307733e-01  0.997182  0.999935  1.000000  1.000000  1.000000  1.000000  0.999999  9.868930e-01  0.999887  9.949796e-01  7.356102e-01  6.767280e-01  3.156544e-01  2.636652e-01  7.985535e-02
11  6.999475e-04  3.687292e-01  6.881508e-01  6.365240e-01  0.935249  0.992533  1.000000  0.999985  1.000000  1.000000  1.000000  9.998264e-01  1.000000  9.999672e-01  9.630148e-01  9.452284e-01  7.229964e-01  6.664059e-01  3.495750e-01
12  4.036643e-05  1.222121e-01  3.540212e-01  3.053335e-01  0.723382  0.925387  0.999910  0.998574  0.999999  1.000000  1.000000  9.999995e-01  1.000000  1.000000e+00  9.975439e-01  9.954346e-01  9.350931e-01  9.102186e-01  6.836812e-01
13  1.375881e-08  1.813776e-03  1.486553e-02  1.077235e-02  0.098792  0.298171  0.918789  0.783948  0.986893  0.999826  0.999999  1.000000e+00  1.000000  1.000000e+00  1.000000e+00  1.000000e+00  9.999515e-01  9.998815e-01  9.955069e-01
14  2.153543e-06  3.026778e-02  1.329511e-01  1.070215e-01  0.427033  0.732957  0.996867  0.979808  0.999887  1.000000  1.000000  1.000000e+00  1.000000  1.000000e+00  9.999375e-01  9.998429e-01  9.917841e-01  9.865349e-01  9.014553e-01
15  5.376416e-08  4.033554e-03  2.823369e-02  2.101283e-02  0.155660  0.403894  0.957521  0.863507  0.994980  0.999967  1.000000  1.000000e+00  1.000000  1.000000e+00  9.999999e-01  9.999995e-01  9.997576e-01  9.994782e-01  9.880851e-01
16  7.834583e-12  1.569241e-05  2.752368e-04  1.753274e-04  0.004546  0.029372  0.457069  0.252899  0.735610  0.963015  0.997544  1.000000e+00  0.999937  9.999999e-01  1.000000e+00  1.000000e+00  1.000000e+00  1.000000e+00  9.999980e-01
17  3.077237e-12  8.369499e-06  1.598561e-04  1.003689e-04  0.002925  0.020607  0.392893  0.204762  0.676728  0.945228  0.995435  1.000000e+00  0.999843  9.999995e-01  1.000000e+00  1.000000e+00  1.000000e+00  1.000000e+00  9.999995e-01
18  1.149154e-14  1.731657e-07  5.319889e-06  3.081809e-06  0.000172  0.001968  0.119891  0.043984  0.315654  0.722996  0.935093  9.999515e-01  0.991784  9.997576e-01  1.000000e+00  1.000000e+00  1.000000e+00  1.000000e+00  1.000000e+00
19  4.301147e-15  8.599839e-08  2.856970e-06  1.633266e-06  0.000102  0.001257  0.092940  0.032130  0.263665  0.666406  0.910219  9.998815e-01  0.986535  9.994782e-01  1.000000e+00  1.000000e+00  1.000000e+00  1.000000e+00  1.000000e+00
20  2.079649e-17  1.785026e-09  8.862492e-08  4.733482e-08  0.000005  0.000095  0.019005  0.004831  0.079855  0.349575  0.683681  9.955069e-01  0.901455  9.880851e-01  9.999980e-01  9.999995e-01  1.000000e+00  1.000000e+00  1.000000e+00

Metric Averages:
 k   Average  Standard Deviation
 2 33.789410            2.587600
 3 23.638177            5.640949
 4 20.415721            3.963849
 5 19.287166            2.462967
 6 18.067253            2.471199
 7 17.307379            2.798953
 8 15.763553            2.586862
 9 16.369802            3.187067
10 15.180997            1.814313
11 14.427468            2.334422
12 13.972441            1.263343
13 13.034935            1.364245
14 13.539202            1.480671
15 13.220336            1.194464
16 12.527111            1.348467
17 12.377660            1.658023
18 12.151182            1.319784
19 12.091155            0.949031
20 11.629368            1.194251


Metric: Time
--------------------
Pivot Table of P-Values:
              2         3         4         5         6         7         8         9         10        11        12        13        14        15            16        17            18            19            20
2   1.000000e+00  1.000000  0.999993  0.995692  0.574838  0.413055  0.120621  0.361951  0.024307  0.020183  0.006564  0.002065  0.003928  0.000014  7.004760e-07  0.000001  7.934481e-08  4.230621e-09  3.543639e-09
3   1.000000e+00  1.000000  1.000000  1.000000  0.974151  0.931180  0.667851  0.909127  0.333798  0.304001  0.165710  0.083538  0.123060  0.002876  3.074747e-04  0.000527  5.758350e-05  5.702536e-06  4.949796e-06
4   9.999928e-01  1.000000  1.000000  1.000000  0.996316  0.985627  0.859947  0.978745  0.572413  0.538313  0.353204  0.212250  0.284095  0.013573  1.961463e-03  0.003144  4.466390e-04  5.624633e-05  4.950087e-05
5   9.956919e-01  1.000000  1.000000  1.000000  0.999995  0.999927  0.993929  0.999846  0.934306  0.921330  0.815923  0.672194  0.755114  0.147481  3.990202e-02  0.055500  1.367796e-02  2.850208e-03  2.582069e-03
6   5.748382e-01  0.974151  0.996316  0.999995  1.000000  1.000000  1.000000  1.000000  0.999992  0.999987  0.999781  0.998373  0.999421  0.880173  6.492393e-01  0.712087  4.526813e-01  2.334337e-01  2.229284e-01
7   4.130546e-01  0.931180  0.985627  0.999927  1.000000  1.000000  1.000000  1.000000  1.000000  0.999999  0.999979  0.999749  0.999930  0.947930  7.902269e-01  0.838554  6.148262e-01  3.705766e-01  3.572618e-01
8   1.206214e-01  0.667851  0.859947  0.993929  1.000000  1.000000  1.000000  1.000000  1.000000  1.000000  1.000000  1.000000  1.000000  0.997368  9.705424e-01  0.981541  9.085285e-01  7.477650e-01  7.356045e-01
9   3.619515e-01  0.909127  0.978745  0.999846  1.000000  1.000000  1.000000  1.000000  1.000000  1.000000  0.999992  0.999877  0.999969  0.962294  8.291124e-01  0.871575  6.666069e-01  4.220671e-01  4.081430e-01
10  2.430720e-02  0.333798  0.572413  0.934306  0.999992  1.000000  1.000000  1.000000  1.000000  1.000000  1.000000  1.000000  1.000000  0.999961  9.982897e-01  0.999177  9.896849e-01  9.448815e-01  9.402450e-01
11  2.018261e-02  0.304001  0.538313  0.921330  0.999987  0.999999  1.000000  1.000000  1.000000  1.000000  1.000000  1.000000  1.000000  0.999977  9.988041e-01  0.999443  9.921803e-01  9.547856e-01  9.507859e-01
12  6.563617e-03  0.165710  0.353204  0.815923  0.999781  0.999979  1.000000  0.999992  1.000000  1.000000  1.000000  1.000000  1.000000  0.999999  9.998808e-01  0.999955  9.986887e-01  9.875429e-01  9.860986e-01
13  2.065009e-03  0.083538  0.212250  0.672194  0.998373  0.999749  1.000000  0.999877  1.000000  1.000000  1.000000  1.000000  1.000000  1.000000  9.999918e-01  0.999998  9.998329e-01  9.972113e-01  9.968005e-01
14  3.928050e-03  0.123060  0.284095  0.755114  0.999421  0.999930  1.000000  0.999969  1.000000  1.000000  1.000000  1.000000  1.000000  1.000000  9.999621e-01  0.999987  9.994587e-01  9.934494e-01  9.926017e-01
15  1.422557e-05  0.002876  0.013573  0.147481  0.880173  0.947930  0.997368  0.962294  0.999961  0.999977  0.999999  1.000000  1.000000  1.000000  1.000000e+00  1.000000  1.000000e+00  9.999996e-01  9.999995e-01
16  7.004760e-07  0.000307  0.001961  0.039902  0.649239  0.790227  0.970542  0.829112  0.998290  0.998804  0.999881  0.999992  0.999962  1.000000  1.000000e+00  1.000000  1.000000e+00  1.000000e+00  1.000000e+00
17  1.430443e-06  0.000527  0.003144  0.055500  0.712087  0.838554  0.981541  0.871575  0.999177  0.999443  0.999955  0.999998  0.999987  1.000000  1.000000e+00  1.000000  1.000000e+00  1.000000e+00  1.000000e+00
18  7.934481e-08  0.000058  0.000447  0.013678  0.452681  0.614826  0.908529  0.666607  0.989685  0.992180  0.998689  0.999833  0.999459  1.000000  1.000000e+00  1.000000  1.000000e+00  1.000000e+00  1.000000e+00
19  4.230621e-09  0.000006  0.000056  0.002850  0.233434  0.370577  0.747765  0.422067  0.944882  0.954786  0.987543  0.997211  0.993449  1.000000  1.000000e+00  1.000000  1.000000e+00  1.000000e+00  1.000000e+00
20  3.543639e-09  0.000005  0.000050  0.002582  0.222928  0.357262  0.735604  0.408143  0.940245  0.950786  0.986099  0.996801  0.992602  0.999999  1.000000e+00  1.000000  1.000000e+00  1.000000e+00  1.000000e+00

Metric Averages:
 k  Average  Standard Deviation
 2 0.094697            0.050624
 3 0.126506            0.065425
 4 0.149405            0.056230
 5 0.166873            0.066827
 6 0.219825            0.095973
 7 0.217884            0.087109
 8 0.242012            0.095466
 9 0.224984            0.103331
10 0.270992            0.115006
11 0.274903            0.106504
12 0.300958            0.136359
13 0.316243            0.156089
14 0.317643            0.132360
15 0.362061            0.153004
16 0.379984            0.148984
17 0.401017            0.194396
18 0.427665            0.200184
19 0.437773            0.179634
20 0.453695            0.202094

